campaign=AWGN-027
experiment_id=2026-08-10-red-awgn-full-capture-frames47-crc-no-harm-n2048-cp64-rate05-p10-10-dc14-kfill-pfft4
channel=red1
hydrophone=3
aggregate_sha256=6d350cc27548a219322e8c4a75f18421e39036991c74e1915e5d73a1d8aa7875
frame_trace_sha256=2b49d602df1bb8a5f8c0894150e0cbe9294450c2be08ba32088fb2bfa2bef988
protected_trace_sha256=9c033dbebe416236ece144effb9b117e36957bbdc0307e2c4653083ce26b5864
source_contract_sha256=95ad236c8426abf3d1c5faaddb1a1f2cf7c9799fc27fad650b8e60cd918831b4
runner_sha256=59ead948e99cddfb921f44036b9cd0abfbc73fdabdbac8a06e24abcf769f5ae8
sweep_sha256=058219ed6cd95393fdc7f9cf148870dea251abec1e1ab63f94e0231d21806ee3
aggregate_rows=80
frame_trace_rows=3760
protected_trace_rows=1504
capture_seconds=47.78125
snapshot_indices=1,99,197,294,392,490,588,686,783,881,979,1077,1175,1272,1370,1468,1566,1664,1761,1859,1957,2055,2153,2250,2348,2446,2544,2642,2740,2837,2935,3033,3131,3229,3326,3424,3522,3620,3718,3815,3913,4011,4109,4207,4304,4402,4500
