workload_id,snr_db,frame,algorithm_id,noise_model,capture_start_seconds,capture_stop_seconds,snapshot_index,snapshot_seconds,replay_support_end_seconds,frame_duration_seconds,frame_samples,payload_bits,payload_seed,noise_seed,replay_seed,optimizer_seed,bit_errors,success,decode_failure,partial_fft_parts,partial_fft_bands
red1:lane1:snr0.0:seed4:frame1,0.0,1,direct_cz,awgn,0.0,47.0,1,0.0,0.9088541666666666,0.8666666666666667,8320,1289,4,4,4,4,599,false,false,4,16
red1:lane1:snr0.0:seed4:frame2,0.0,2,direct_cz,awgn,0.0,47.0,144,1.4895833333333333,2.3984375,0.8666666666666667,8320,1289,5,5,5,4,555,false,false,4,16
red1:lane1:snr0.0:seed4:frame3,0.0,3,direct_cz,awgn,0.0,47.0,286,2.96875,3.8776041666666665,0.8666666666666667,8320,1289,6,6,6,4,545,false,false,4,16
red1:lane1:snr0.0:seed4:frame4,0.0,4,direct_cz,awgn,0.0,47.0,429,4.458333333333333,5.3671875,0.8666666666666667,8320,1289,7,7,7,4,567,false,false,4,16
red1:lane1:snr0.0:seed4:frame5,0.0,5,direct_cz,awgn,0.0,47.0,572,5.947916666666667,6.856770833333334,0.8666666666666667,8320,1289,8,8,8,4,559,false,false,4,16
red1:lane1:snr0.0:seed4:frame6,0.0,6,direct_cz,awgn,0.0,47.0,715,7.4375,8.346354166666666,0.8666666666666667,8320,1289,9,9,9,4,570,false,false,4,16
red1:lane1:snr0.0:seed4:frame7,0.0,7,direct_cz,awgn,0.0,47.0,857,8.916666666666666,9.825520833333332,0.8666666666666667,8320,1289,10,10,10,4,519,false,false,4,16
red1:lane1:snr0.0:seed4:frame8,0.0,8,direct_cz,awgn,0.0,47.0,1000,10.40625,11.315104166666666,0.8666666666666667,8320,1289,11,11,11,4,541,false,false,4,16
red1:lane1:snr0.0:seed4:frame9,0.0,9,direct_cz,awgn,0.0,47.0,1143,11.895833333333334,12.8046875,0.8666666666666667,8320,1289,12,12,12,4,546,false,false,4,16
red1:lane1:snr0.0:seed4:frame10,0.0,10,direct_cz,awgn,0.0,47.0,1285,13.375,14.283854166666666,0.8666666666666667,8320,1289,13,13,13,4,614,false,false,4,16
red1:lane1:snr0.0:seed4:frame11,0.0,11,direct_cz,awgn,0.0,47.0,1428,14.864583333333334,15.7734375,0.8666666666666667,8320,1289,14,14,14,4,538,false,false,4,16
red1:lane1:snr0.0:seed4:frame12,0.0,12,direct_cz,awgn,0.0,47.0,1571,16.354166666666668,17.263020833333336,0.8666666666666667,8320,1289,15,15,15,4,572,false,false,4,16
red1:lane1:snr0.0:seed4:frame13,0.0,13,direct_cz,awgn,0.0,47.0,1714,17.84375,18.752604166666668,0.8666666666666667,8320,1289,16,16,16,4,575,false,false,4,16
red1:lane1:snr0.0:seed4:frame14,0.0,14,direct_cz,awgn,0.0,47.0,1856,19.322916666666668,20.231770833333336,0.8666666666666667,8320,1289,17,17,17,4,544,false,false,4,16
red1:lane1:snr0.0:seed4:frame15,0.0,15,direct_cz,awgn,0.0,47.0,1999,20.8125,21.721354166666668,0.8666666666666667,8320,1289,18,18,18,4,538,false,false,4,16
red1:lane1:snr0.0:seed4:frame16,0.0,16,direct_cz,awgn,0.0,47.0,2142,22.302083333333332,23.2109375,0.8666666666666667,8320,1289,19,19,19,4,548,false,false,4,16
red1:lane1:snr0.0:seed4:frame17,0.0,17,direct_cz,awgn,0.0,47.0,2284,23.78125,24.690104166666668,0.8666666666666667,8320,1289,20,20,20,4,534,false,false,4,16
red1:lane1:snr0.0:seed4:frame18,0.0,18,direct_cz,awgn,0.0,47.0,2427,25.270833333333332,26.1796875,0.8666666666666667,8320,1289,21,21,21,4,526,false,false,4,16
red1:lane1:snr0.0:seed4:frame19,0.0,19,direct_cz,awgn,0.0,47.0,2570,26.760416666666668,27.669270833333336,0.8666666666666667,8320,1289,22,22,22,4,578,false,false,4,16
red1:lane1:snr0.0:seed4:frame20,0.0,20,direct_cz,awgn,0.0,47.0,2712,28.239583333333332,29.1484375,0.8666666666666667,8320,1289,23,23,23,4,469,false,false,4,16
red1:lane1:snr0.0:seed4:frame21,0.0,21,direct_cz,awgn,0.0,47.0,2855,29.729166666666668,30.638020833333336,0.8666666666666667,8320,1289,24,24,24,4,548,false,false,4,16
red1:lane1:snr0.0:seed4:frame22,0.0,22,direct_cz,awgn,0.0,47.0,2998,31.21875,32.127604166666664,0.8666666666666667,8320,1289,25,25,25,4,538,false,false,4,16
red1:lane1:snr0.0:seed4:frame23,0.0,23,direct_cz,awgn,0.0,47.0,3141,32.708333333333336,33.6171875,0.8666666666666667,8320,1289,26,26,26,4,546,false,false,4,16
red1:lane1:snr0.0:seed4:frame24,0.0,24,direct_cz,awgn,0.0,47.0,3283,34.1875,35.096354166666664,0.8666666666666667,8320,1289,27,27,27,4,541,false,false,4,16
red1:lane1:snr0.0:seed4:frame25,0.0,25,direct_cz,awgn,0.0,47.0,3426,35.677083333333336,36.5859375,0.8666666666666667,8320,1289,28,28,28,4,492,false,false,4,16
red1:lane1:snr0.0:seed4:frame26,0.0,26,direct_cz,awgn,0.0,47.0,3569,37.166666666666664,38.07552083333333,0.8666666666666667,8320,1289,29,29,29,4,522,false,false,4,16
red1:lane1:snr0.0:seed4:frame27,0.0,27,direct_cz,awgn,0.0,47.0,3711,38.645833333333336,39.5546875,0.8666666666666667,8320,1289,30,30,30,4,589,false,false,4,16
red1:lane1:snr0.0:seed4:frame28,0.0,28,direct_cz,awgn,0.0,47.0,3854,40.135416666666664,41.04427083333333,0.8666666666666667,8320,1289,31,31,31,4,571,false,false,4,16
red1:lane1:snr0.0:seed4:frame29,0.0,29,direct_cz,awgn,0.0,47.0,3997,41.625,42.533854166666664,0.8666666666666667,8320,1289,32,32,32,4,510,false,false,4,16
red1:lane1:snr0.0:seed4:frame30,0.0,30,direct_cz,awgn,0.0,47.0,4140,43.114583333333336,44.0234375,0.8666666666666667,8320,1289,33,33,33,4,523,false,false,4,16
red1:lane1:snr0.0:seed4:frame31,0.0,31,direct_cz,awgn,0.0,47.0,4282,44.59375,45.502604166666664,0.8666666666666667,8320,1289,34,34,34,4,532,false,false,4,16
red1:lane1:snr0.0:seed4:frame32,0.0,32,direct_cz,awgn,0.0,47.0,4425,46.083333333333336,46.9921875,0.8666666666666667,8320,1289,35,35,35,4,558,false,false,4,16
red1:lane1:snr2.0:seed4:frame1,2.0,1,direct_cz,awgn,0.0,47.0,1,0.0,0.9088541666666666,0.8666666666666667,8320,1289,4,4,4,4,556,false,false,4,16
red1:lane1:snr2.0:seed4:frame2,2.0,2,direct_cz,awgn,0.0,47.0,144,1.4895833333333333,2.3984375,0.8666666666666667,8320,1289,5,5,5,4,529,false,false,4,16
red1:lane1:snr2.0:seed4:frame3,2.0,3,direct_cz,awgn,0.0,47.0,286,2.96875,3.8776041666666665,0.8666666666666667,8320,1289,6,6,6,4,508,false,false,4,16
red1:lane1:snr2.0:seed4:frame4,2.0,4,direct_cz,awgn,0.0,47.0,429,4.458333333333333,5.3671875,0.8666666666666667,8320,1289,7,7,7,4,540,false,false,4,16
red1:lane1:snr2.0:seed4:frame5,2.0,5,direct_cz,awgn,0.0,47.0,572,5.947916666666667,6.856770833333334,0.8666666666666667,8320,1289,8,8,8,4,461,false,false,4,16
red1:lane1:snr2.0:seed4:frame6,2.0,6,direct_cz,awgn,0.0,47.0,715,7.4375,8.346354166666666,0.8666666666666667,8320,1289,9,9,9,4,509,false,false,4,16
red1:lane1:snr2.0:seed4:frame7,2.0,7,direct_cz,awgn,0.0,47.0,857,8.916666666666666,9.825520833333332,0.8666666666666667,8320,1289,10,10,10,4,503,false,false,4,16
red1:lane1:snr2.0:seed4:frame8,2.0,8,direct_cz,awgn,0.0,47.0,1000,10.40625,11.315104166666666,0.8666666666666667,8320,1289,11,11,11,4,569,false,false,4,16
red1:lane1:snr2.0:seed4:frame9,2.0,9,direct_cz,awgn,0.0,47.0,1143,11.895833333333334,12.8046875,0.8666666666666667,8320,1289,12,12,12,4,496,false,false,4,16
red1:lane1:snr2.0:seed4:frame10,2.0,10,direct_cz,awgn,0.0,47.0,1285,13.375,14.283854166666666,0.8666666666666667,8320,1289,13,13,13,4,543,false,false,4,16
red1:lane1:snr2.0:seed4:frame11,2.0,11,direct_cz,awgn,0.0,47.0,1428,14.864583333333334,15.7734375,0.8666666666666667,8320,1289,14,14,14,4,522,false,false,4,16
red1:lane1:snr2.0:seed4:frame12,2.0,12,direct_cz,awgn,0.0,47.0,1571,16.354166666666668,17.263020833333336,0.8666666666666667,8320,1289,15,15,15,4,529,false,false,4,16
red1:lane1:snr2.0:seed4:frame13,2.0,13,direct_cz,awgn,0.0,47.0,1714,17.84375,18.752604166666668,0.8666666666666667,8320,1289,16,16,16,4,557,false,false,4,16
red1:lane1:snr2.0:seed4:frame14,2.0,14,direct_cz,awgn,0.0,47.0,1856,19.322916666666668,20.231770833333336,0.8666666666666667,8320,1289,17,17,17,4,493,false,false,4,16
red1:lane1:snr2.0:seed4:frame15,2.0,15,direct_cz,awgn,0.0,47.0,1999,20.8125,21.721354166666668,0.8666666666666667,8320,1289,18,18,18,4,459,false,false,4,16
red1:lane1:snr2.0:seed4:frame16,2.0,16,direct_cz,awgn,0.0,47.0,2142,22.302083333333332,23.2109375,0.8666666666666667,8320,1289,19,19,19,4,515,false,false,4,16
red1:lane1:snr2.0:seed4:frame17,2.0,17,direct_cz,awgn,0.0,47.0,2284,23.78125,24.690104166666668,0.8666666666666667,8320,1289,20,20,20,4,534,false,false,4,16
red1:lane1:snr2.0:seed4:frame18,2.0,18,direct_cz,awgn,0.0,47.0,2427,25.270833333333332,26.1796875,0.8666666666666667,8320,1289,21,21,21,4,507,false,false,4,16
red1:lane1:snr2.0:seed4:frame19,2.0,19,direct_cz,awgn,0.0,47.0,2570,26.760416666666668,27.669270833333336,0.8666666666666667,8320,1289,22,22,22,4,556,false,false,4,16
red1:lane1:snr2.0:seed4:frame20,2.0,20,direct_cz,awgn,0.0,47.0,2712,28.239583333333332,29.1484375,0.8666666666666667,8320,1289,23,23,23,4,463,false,false,4,16
red1:lane1:snr2.0:seed4:frame21,2.0,21,direct_cz,awgn,0.0,47.0,2855,29.729166666666668,30.638020833333336,0.8666666666666667,8320,1289,24,24,24,4,550,false,false,4,16
red1:lane1:snr2.0:seed4:frame22,2.0,22,direct_cz,awgn,0.0,47.0,2998,31.21875,32.127604166666664,0.8666666666666667,8320,1289,25,25,25,4,500,false,false,4,16
red1:lane1:snr2.0:seed4:frame23,2.0,23,direct_cz,awgn,0.0,47.0,3141,32.708333333333336,33.6171875,0.8666666666666667,8320,1289,26,26,26,4,528,false,false,4,16
red1:lane1:snr2.0:seed4:frame24,2.0,24,direct_cz,awgn,0.0,47.0,3283,34.1875,35.096354166666664,0.8666666666666667,8320,1289,27,27,27,4,499,false,false,4,16
red1:lane1:snr2.0:seed4:frame25,2.0,25,direct_cz,awgn,0.0,47.0,3426,35.677083333333336,36.5859375,0.8666666666666667,8320,1289,28,28,28,4,467,false,false,4,16
red1:lane1:snr2.0:seed4:frame26,2.0,26,direct_cz,awgn,0.0,47.0,3569,37.166666666666664,38.07552083333333,0.8666666666666667,8320,1289,29,29,29,4,453,false,false,4,16
red1:lane1:snr2.0:seed4:frame27,2.0,27,direct_cz,awgn,0.0,47.0,3711,38.645833333333336,39.5546875,0.8666666666666667,8320,1289,30,30,30,4,505,false,false,4,16
red1:lane1:snr2.0:seed4:frame28,2.0,28,direct_cz,awgn,0.0,47.0,3854,40.135416666666664,41.04427083333333,0.8666666666666667,8320,1289,31,31,31,4,521,false,false,4,16
red1:lane1:snr2.0:seed4:frame29,2.0,29,direct_cz,awgn,0.0,47.0,3997,41.625,42.533854166666664,0.8666666666666667,8320,1289,32,32,32,4,517,false,false,4,16
red1:lane1:snr2.0:seed4:frame30,2.0,30,direct_cz,awgn,0.0,47.0,4140,43.114583333333336,44.0234375,0.8666666666666667,8320,1289,33,33,33,4,498,false,false,4,16
red1:lane1:snr2.0:seed4:frame31,2.0,31,direct_cz,awgn,0.0,47.0,4282,44.59375,45.502604166666664,0.8666666666666667,8320,1289,34,34,34,4,482,false,false,4,16
red1:lane1:snr2.0:seed4:frame32,2.0,32,direct_cz,awgn,0.0,47.0,4425,46.083333333333336,46.9921875,0.8666666666666667,8320,1289,35,35,35,4,488,false,false,4,16
red1:lane1:snr4.0:seed4:frame1,4.0,1,direct_cz,awgn,0.0,47.0,1,0.0,0.9088541666666666,0.8666666666666667,8320,1289,4,4,4,4,493,false,false,4,16
red1:lane1:snr4.0:seed4:frame2,4.0,2,direct_cz,awgn,0.0,47.0,144,1.4895833333333333,2.3984375,0.8666666666666667,8320,1289,5,5,5,4,491,false,false,4,16
red1:lane1:snr4.0:seed4:frame3,4.0,3,direct_cz,awgn,0.0,47.0,286,2.96875,3.8776041666666665,0.8666666666666667,8320,1289,6,6,6,4,465,false,false,4,16
red1:lane1:snr4.0:seed4:frame4,4.0,4,direct_cz,awgn,0.0,47.0,429,4.458333333333333,5.3671875,0.8666666666666667,8320,1289,7,7,7,4,473,false,false,4,16
red1:lane1:snr4.0:seed4:frame5,4.0,5,direct_cz,awgn,0.0,47.0,572,5.947916666666667,6.856770833333334,0.8666666666666667,8320,1289,8,8,8,4,492,false,false,4,16
red1:lane1:snr4.0:seed4:frame6,4.0,6,direct_cz,awgn,0.0,47.0,715,7.4375,8.346354166666666,0.8666666666666667,8320,1289,9,9,9,4,508,false,false,4,16
red1:lane1:snr4.0:seed4:frame7,4.0,7,direct_cz,awgn,0.0,47.0,857,8.916666666666666,9.825520833333332,0.8666666666666667,8320,1289,10,10,10,4,483,false,false,4,16
red1:lane1:snr4.0:seed4:frame8,4.0,8,direct_cz,awgn,0.0,47.0,1000,10.40625,11.315104166666666,0.8666666666666667,8320,1289,11,11,11,4,496,false,false,4,16
red1:lane1:snr4.0:seed4:frame9,4.0,9,direct_cz,awgn,0.0,47.0,1143,11.895833333333334,12.8046875,0.8666666666666667,8320,1289,12,12,12,4,497,false,false,4,16
red1:lane1:snr4.0:seed4:frame10,4.0,10,direct_cz,awgn,0.0,47.0,1285,13.375,14.283854166666666,0.8666666666666667,8320,1289,13,13,13,4,545,false,false,4,16
red1:lane1:snr4.0:seed4:frame11,4.0,11,direct_cz,awgn,0.0,47.0,1428,14.864583333333334,15.7734375,0.8666666666666667,8320,1289,14,14,14,4,456,false,false,4,16
red1:lane1:snr4.0:seed4:frame12,4.0,12,direct_cz,awgn,0.0,47.0,1571,16.354166666666668,17.263020833333336,0.8666666666666667,8320,1289,15,15,15,4,466,false,false,4,16
red1:lane1:snr4.0:seed4:frame13,4.0,13,direct_cz,awgn,0.0,47.0,1714,17.84375,18.752604166666668,0.8666666666666667,8320,1289,16,16,16,4,523,false,false,4,16
red1:lane1:snr4.0:seed4:frame14,4.0,14,direct_cz,awgn,0.0,47.0,1856,19.322916666666668,20.231770833333336,0.8666666666666667,8320,1289,17,17,17,4,446,false,false,4,16
red1:lane1:snr4.0:seed4:frame15,4.0,15,direct_cz,awgn,0.0,47.0,1999,20.8125,21.721354166666668,0.8666666666666667,8320,1289,18,18,18,4,480,false,false,4,16
red1:lane1:snr4.0:seed4:frame16,4.0,16,direct_cz,awgn,0.0,47.0,2142,22.302083333333332,23.2109375,0.8666666666666667,8320,1289,19,19,19,4,534,false,false,4,16
red1:lane1:snr4.0:seed4:frame17,4.0,17,direct_cz,awgn,0.0,47.0,2284,23.78125,24.690104166666668,0.8666666666666667,8320,1289,20,20,20,4,468,false,false,4,16
red1:lane1:snr4.0:seed4:frame18,4.0,18,direct_cz,awgn,0.0,47.0,2427,25.270833333333332,26.1796875,0.8666666666666667,8320,1289,21,21,21,4,421,false,false,4,16
red1:lane1:snr4.0:seed4:frame19,4.0,19,direct_cz,awgn,0.0,47.0,2570,26.760416666666668,27.669270833333336,0.8666666666666667,8320,1289,22,22,22,4,501,false,false,4,16
red1:lane1:snr4.0:seed4:frame20,4.0,20,direct_cz,awgn,0.0,47.0,2712,28.239583333333332,29.1484375,0.8666666666666667,8320,1289,23,23,23,4,439,false,false,4,16
red1:lane1:snr4.0:seed4:frame21,4.0,21,direct_cz,awgn,0.0,47.0,2855,29.729166666666668,30.638020833333336,0.8666666666666667,8320,1289,24,24,24,4,484,false,false,4,16
red1:lane1:snr4.0:seed4:frame22,4.0,22,direct_cz,awgn,0.0,47.0,2998,31.21875,32.127604166666664,0.8666666666666667,8320,1289,25,25,25,4,457,false,false,4,16
red1:lane1:snr4.0:seed4:frame23,4.0,23,direct_cz,awgn,0.0,47.0,3141,32.708333333333336,33.6171875,0.8666666666666667,8320,1289,26,26,26,4,429,false,false,4,16
red1:lane1:snr4.0:seed4:frame24,4.0,24,direct_cz,awgn,0.0,47.0,3283,34.1875,35.096354166666664,0.8666666666666667,8320,1289,27,27,27,4,468,false,false,4,16
red1:lane1:snr4.0:seed4:frame25,4.0,25,direct_cz,awgn,0.0,47.0,3426,35.677083333333336,36.5859375,0.8666666666666667,8320,1289,28,28,28,4,398,false,false,4,16
red1:lane1:snr4.0:seed4:frame26,4.0,26,direct_cz,awgn,0.0,47.0,3569,37.166666666666664,38.07552083333333,0.8666666666666667,8320,1289,29,29,29,4,411,false,false,4,16
red1:lane1:snr4.0:seed4:frame27,4.0,27,direct_cz,awgn,0.0,47.0,3711,38.645833333333336,39.5546875,0.8666666666666667,8320,1289,30,30,30,4,479,false,false,4,16
red1:lane1:snr4.0:seed4:frame28,4.0,28,direct_cz,awgn,0.0,47.0,3854,40.135416666666664,41.04427083333333,0.8666666666666667,8320,1289,31,31,31,4,450,false,false,4,16
red1:lane1:snr4.0:seed4:frame29,4.0,29,direct_cz,awgn,0.0,47.0,3997,41.625,42.533854166666664,0.8666666666666667,8320,1289,32,32,32,4,447,false,false,4,16
red1:lane1:snr4.0:seed4:frame30,4.0,30,direct_cz,awgn,0.0,47.0,4140,43.114583333333336,44.0234375,0.8666666666666667,8320,1289,33,33,33,4,443,false,false,4,16
red1:lane1:snr4.0:seed4:frame31,4.0,31,direct_cz,awgn,0.0,47.0,4282,44.59375,45.502604166666664,0.8666666666666667,8320,1289,34,34,34,4,422,false,false,4,16
red1:lane1:snr4.0:seed4:frame32,4.0,32,direct_cz,awgn,0.0,47.0,4425,46.083333333333336,46.9921875,0.8666666666666667,8320,1289,35,35,35,4,471,false,false,4,16
red1:lane1:snr6.0:seed4:frame1,6.0,1,direct_cz,awgn,0.0,47.0,1,0.0,0.9088541666666666,0.8666666666666667,8320,1289,4,4,4,4,441,false,false,4,16
red1:lane1:snr6.0:seed4:frame2,6.0,2,direct_cz,awgn,0.0,47.0,144,1.4895833333333333,2.3984375,0.8666666666666667,8320,1289,5,5,5,4,458,false,false,4,16
red1:lane1:snr6.0:seed4:frame3,6.0,3,direct_cz,awgn,0.0,47.0,286,2.96875,3.8776041666666665,0.8666666666666667,8320,1289,6,6,6,4,396,false,false,4,16
red1:lane1:snr6.0:seed4:frame4,6.0,4,direct_cz,awgn,0.0,47.0,429,4.458333333333333,5.3671875,0.8666666666666667,8320,1289,7,7,7,4,440,false,false,4,16
red1:lane1:snr6.0:seed4:frame5,6.0,5,direct_cz,awgn,0.0,47.0,572,5.947916666666667,6.856770833333334,0.8666666666666667,8320,1289,8,8,8,4,469,false,false,4,16
red1:lane1:snr6.0:seed4:frame6,6.0,6,direct_cz,awgn,0.0,47.0,715,7.4375,8.346354166666666,0.8666666666666667,8320,1289,9,9,9,4,424,false,false,4,16
red1:lane1:snr6.0:seed4:frame7,6.0,7,direct_cz,awgn,0.0,47.0,857,8.916666666666666,9.825520833333332,0.8666666666666667,8320,1289,10,10,10,4,401,false,false,4,16
red1:lane1:snr6.0:seed4:frame8,6.0,8,direct_cz,awgn,0.0,47.0,1000,10.40625,11.315104166666666,0.8666666666666667,8320,1289,11,11,11,4,463,false,false,4,16
red1:lane1:snr6.0:seed4:frame9,6.0,9,direct_cz,awgn,0.0,47.0,1143,11.895833333333334,12.8046875,0.8666666666666667,8320,1289,12,12,12,4,473,false,false,4,16
red1:lane1:snr6.0:seed4:frame10,6.0,10,direct_cz,awgn,0.0,47.0,1285,13.375,14.283854166666666,0.8666666666666667,8320,1289,13,13,13,4,501,false,false,4,16
red1:lane1:snr6.0:seed4:frame11,6.0,11,direct_cz,awgn,0.0,47.0,1428,14.864583333333334,15.7734375,0.8666666666666667,8320,1289,14,14,14,4,453,false,false,4,16
red1:lane1:snr6.0:seed4:frame12,6.0,12,direct_cz,awgn,0.0,47.0,1571,16.354166666666668,17.263020833333336,0.8666666666666667,8320,1289,15,15,15,4,403,false,false,4,16
red1:lane1:snr6.0:seed4:frame13,6.0,13,direct_cz,awgn,0.0,47.0,1714,17.84375,18.752604166666668,0.8666666666666667,8320,1289,16,16,16,4,426,false,false,4,16
red1:lane1:snr6.0:seed4:frame14,6.0,14,direct_cz,awgn,0.0,47.0,1856,19.322916666666668,20.231770833333336,0.8666666666666667,8320,1289,17,17,17,4,368,false,false,4,16
red1:lane1:snr6.0:seed4:frame15,6.0,15,direct_cz,awgn,0.0,47.0,1999,20.8125,21.721354166666668,0.8666666666666667,8320,1289,18,18,18,4,406,false,false,4,16
red1:lane1:snr6.0:seed4:frame16,6.0,16,direct_cz,awgn,0.0,47.0,2142,22.302083333333332,23.2109375,0.8666666666666667,8320,1289,19,19,19,4,437,false,false,4,16
red1:lane1:snr6.0:seed4:frame17,6.0,17,direct_cz,awgn,0.0,47.0,2284,23.78125,24.690104166666668,0.8666666666666667,8320,1289,20,20,20,4,409,false,false,4,16
red1:lane1:snr6.0:seed4:frame18,6.0,18,direct_cz,awgn,0.0,47.0,2427,25.270833333333332,26.1796875,0.8666666666666667,8320,1289,21,21,21,4,232,false,false,4,16
red1:lane1:snr6.0:seed4:frame19,6.0,19,direct_cz,awgn,0.0,47.0,2570,26.760416666666668,27.669270833333336,0.8666666666666667,8320,1289,22,22,22,4,436,false,false,4,16
red1:lane1:snr6.0:seed4:frame20,6.0,20,direct_cz,awgn,0.0,47.0,2712,28.239583333333332,29.1484375,0.8666666666666667,8320,1289,23,23,23,4,202,false,false,4,16
red1:lane1:snr6.0:seed4:frame21,6.0,21,direct_cz,awgn,0.0,47.0,2855,29.729166666666668,30.638020833333336,0.8666666666666667,8320,1289,24,24,24,4,345,false,false,4,16
red1:lane1:snr6.0:seed4:frame22,6.0,22,direct_cz,awgn,0.0,47.0,2998,31.21875,32.127604166666664,0.8666666666666667,8320,1289,25,25,25,4,395,false,false,4,16
red1:lane1:snr6.0:seed4:frame23,6.0,23,direct_cz,awgn,0.0,47.0,3141,32.708333333333336,33.6171875,0.8666666666666667,8320,1289,26,26,26,4,9,false,false,4,16
red1:lane1:snr6.0:seed4:frame24,6.0,24,direct_cz,awgn,0.0,47.0,3283,34.1875,35.096354166666664,0.8666666666666667,8320,1289,27,27,27,4,363,false,false,4,16
red1:lane1:snr6.0:seed4:frame25,6.0,25,direct_cz,awgn,0.0,47.0,3426,35.677083333333336,36.5859375,0.8666666666666667,8320,1289,28,28,28,4,8,false,false,4,16
red1:lane1:snr6.0:seed4:frame26,6.0,26,direct_cz,awgn,0.0,47.0,3569,37.166666666666664,38.07552083333333,0.8666666666666667,8320,1289,29,29,29,4,82,false,false,4,16
red1:lane1:snr6.0:seed4:frame27,6.0,27,direct_cz,awgn,0.0,47.0,3711,38.645833333333336,39.5546875,0.8666666666666667,8320,1289,30,30,30,4,438,false,false,4,16
red1:lane1:snr6.0:seed4:frame28,6.0,28,direct_cz,awgn,0.0,47.0,3854,40.135416666666664,41.04427083333333,0.8666666666666667,8320,1289,31,31,31,4,440,false,false,4,16
red1:lane1:snr6.0:seed4:frame29,6.0,29,direct_cz,awgn,0.0,47.0,3997,41.625,42.533854166666664,0.8666666666666667,8320,1289,32,32,32,4,286,false,false,4,16
red1:lane1:snr6.0:seed4:frame30,6.0,30,direct_cz,awgn,0.0,47.0,4140,43.114583333333336,44.0234375,0.8666666666666667,8320,1289,33,33,33,4,5,false,false,4,16
red1:lane1:snr6.0:seed4:frame31,6.0,31,direct_cz,awgn,0.0,47.0,4282,44.59375,45.502604166666664,0.8666666666666667,8320,1289,34,34,34,4,266,false,false,4,16
red1:lane1:snr6.0:seed4:frame32,6.0,32,direct_cz,awgn,0.0,47.0,4425,46.083333333333336,46.9921875,0.8666666666666667,8320,1289,35,35,35,4,390,false,false,4,16
red1:lane1:snr8.0:seed4:frame1,8.0,1,direct_cz,awgn,0.0,47.0,1,0.0,0.9088541666666666,0.8666666666666667,8320,1289,4,4,4,4,415,false,false,4,16
red1:lane1:snr8.0:seed4:frame2,8.0,2,direct_cz,awgn,0.0,47.0,144,1.4895833333333333,2.3984375,0.8666666666666667,8320,1289,5,5,5,4,385,false,false,4,16
red1:lane1:snr8.0:seed4:frame3,8.0,3,direct_cz,awgn,0.0,47.0,286,2.96875,3.8776041666666665,0.8666666666666667,8320,1289,6,6,6,4,0,true,false,4,16
red1:lane1:snr8.0:seed4:frame4,8.0,4,direct_cz,awgn,0.0,47.0,429,4.458333333333333,5.3671875,0.8666666666666667,8320,1289,7,7,7,4,335,false,false,4,16
red1:lane1:snr8.0:seed4:frame5,8.0,5,direct_cz,awgn,0.0,47.0,572,5.947916666666667,6.856770833333334,0.8666666666666667,8320,1289,8,8,8,4,378,false,false,4,16
red1:lane1:snr8.0:seed4:frame6,8.0,6,direct_cz,awgn,0.0,47.0,715,7.4375,8.346354166666666,0.8666666666666667,8320,1289,9,9,9,4,381,false,false,4,16
red1:lane1:snr8.0:seed4:frame7,8.0,7,direct_cz,awgn,0.0,47.0,857,8.916666666666666,9.825520833333332,0.8666666666666667,8320,1289,10,10,10,4,384,false,false,4,16
red1:lane1:snr8.0:seed4:frame8,8.0,8,direct_cz,awgn,0.0,47.0,1000,10.40625,11.315104166666666,0.8666666666666667,8320,1289,11,11,11,4,453,false,false,4,16
red1:lane1:snr8.0:seed4:frame9,8.0,9,direct_cz,awgn,0.0,47.0,1143,11.895833333333334,12.8046875,0.8666666666666667,8320,1289,12,12,12,4,400,false,false,4,16
red1:lane1:snr8.0:seed4:frame10,8.0,10,direct_cz,awgn,0.0,47.0,1285,13.375,14.283854166666666,0.8666666666666667,8320,1289,13,13,13,4,419,false,false,4,16
red1:lane1:snr8.0:seed4:frame11,8.0,11,direct_cz,awgn,0.0,47.0,1428,14.864583333333334,15.7734375,0.8666666666666667,8320,1289,14,14,14,4,191,false,false,4,16
red1:lane1:snr8.0:seed4:frame12,8.0,12,direct_cz,awgn,0.0,47.0,1571,16.354166666666668,17.263020833333336,0.8666666666666667,8320,1289,15,15,15,4,391,false,false,4,16
red1:lane1:snr8.0:seed4:frame13,8.0,13,direct_cz,awgn,0.0,47.0,1714,17.84375,18.752604166666668,0.8666666666666667,8320,1289,16,16,16,4,436,false,false,4,16
red1:lane1:snr8.0:seed4:frame14,8.0,14,direct_cz,awgn,0.0,47.0,1856,19.322916666666668,20.231770833333336,0.8666666666666667,8320,1289,17,17,17,4,279,false,false,4,16
red1:lane1:snr8.0:seed4:frame15,8.0,15,direct_cz,awgn,0.0,47.0,1999,20.8125,21.721354166666668,0.8666666666666667,8320,1289,18,18,18,4,13,false,false,4,16
red1:lane1:snr8.0:seed4:frame16,8.0,16,direct_cz,awgn,0.0,47.0,2142,22.302083333333332,23.2109375,0.8666666666666667,8320,1289,19,19,19,4,326,false,false,4,16
red1:lane1:snr8.0:seed4:frame17,8.0,17,direct_cz,awgn,0.0,47.0,2284,23.78125,24.690104166666668,0.8666666666666667,8320,1289,20,20,20,4,55,false,false,4,16
red1:lane1:snr8.0:seed4:frame18,8.0,18,direct_cz,awgn,0.0,47.0,2427,25.270833333333332,26.1796875,0.8666666666666667,8320,1289,21,21,21,4,1,false,false,4,16
red1:lane1:snr8.0:seed4:frame19,8.0,19,direct_cz,awgn,0.0,47.0,2570,26.760416666666668,27.669270833333336,0.8666666666666667,8320,1289,22,22,22,4,379,false,false,4,16
red1:lane1:snr8.0:seed4:frame20,8.0,20,direct_cz,awgn,0.0,47.0,2712,28.239583333333332,29.1484375,0.8666666666666667,8320,1289,23,23,23,4,2,false,false,4,16
red1:lane1:snr8.0:seed4:frame21,8.0,21,direct_cz,awgn,0.0,47.0,2855,29.729166666666668,30.638020833333336,0.8666666666666667,8320,1289,24,24,24,4,0,true,false,4,16
red1:lane1:snr8.0:seed4:frame22,8.0,22,direct_cz,awgn,0.0,47.0,2998,31.21875,32.127604166666664,0.8666666666666667,8320,1289,25,25,25,4,7,false,false,4,16
red1:lane1:snr8.0:seed4:frame23,8.0,23,direct_cz,awgn,0.0,47.0,3141,32.708333333333336,33.6171875,0.8666666666666667,8320,1289,26,26,26,4,2,false,false,4,16
red1:lane1:snr8.0:seed4:frame24,8.0,24,direct_cz,awgn,0.0,47.0,3283,34.1875,35.096354166666664,0.8666666666666667,8320,1289,27,27,27,4,2,false,false,4,16
red1:lane1:snr8.0:seed4:frame25,8.0,25,direct_cz,awgn,0.0,47.0,3426,35.677083333333336,36.5859375,0.8666666666666667,8320,1289,28,28,28,4,1,false,false,4,16
red1:lane1:snr8.0:seed4:frame26,8.0,26,direct_cz,awgn,0.0,47.0,3569,37.166666666666664,38.07552083333333,0.8666666666666667,8320,1289,29,29,29,4,0,true,false,4,16
red1:lane1:snr8.0:seed4:frame27,8.0,27,direct_cz,awgn,0.0,47.0,3711,38.645833333333336,39.5546875,0.8666666666666667,8320,1289,30,30,30,4,418,false,false,4,16
red1:lane1:snr8.0:seed4:frame28,8.0,28,direct_cz,awgn,0.0,47.0,3854,40.135416666666664,41.04427083333333,0.8666666666666667,8320,1289,31,31,31,4,3,false,false,4,16
red1:lane1:snr8.0:seed4:frame29,8.0,29,direct_cz,awgn,0.0,47.0,3997,41.625,42.533854166666664,0.8666666666666667,8320,1289,32,32,32,4,2,false,false,4,16
red1:lane1:snr8.0:seed4:frame30,8.0,30,direct_cz,awgn,0.0,47.0,4140,43.114583333333336,44.0234375,0.8666666666666667,8320,1289,33,33,33,4,1,false,false,4,16
red1:lane1:snr8.0:seed4:frame31,8.0,31,direct_cz,awgn,0.0,47.0,4282,44.59375,45.502604166666664,0.8666666666666667,8320,1289,34,34,34,4,4,false,false,4,16
red1:lane1:snr8.0:seed4:frame32,8.0,32,direct_cz,awgn,0.0,47.0,4425,46.083333333333336,46.9921875,0.8666666666666667,8320,1289,35,35,35,4,3,false,false,4,16
red1:lane1:snr10.0:seed4:frame1,10.0,1,direct_cz,awgn,0.0,47.0,1,0.0,0.9088541666666666,0.8666666666666667,8320,1289,4,4,4,4,39,false,false,4,16
red1:lane1:snr10.0:seed4:frame2,10.0,2,direct_cz,awgn,0.0,47.0,144,1.4895833333333333,2.3984375,0.8666666666666667,8320,1289,5,5,5,4,5,false,false,4,16
red1:lane1:snr10.0:seed4:frame3,10.0,3,direct_cz,awgn,0.0,47.0,286,2.96875,3.8776041666666665,0.8666666666666667,8320,1289,6,6,6,4,0,true,false,4,16
red1:lane1:snr10.0:seed4:frame4,10.0,4,direct_cz,awgn,0.0,47.0,429,4.458333333333333,5.3671875,0.8666666666666667,8320,1289,7,7,7,4,0,true,false,4,16
red1:lane1:snr10.0:seed4:frame5,10.0,5,direct_cz,awgn,0.0,47.0,572,5.947916666666667,6.856770833333334,0.8666666666666667,8320,1289,8,8,8,4,36,false,false,4,16
red1:lane1:snr10.0:seed4:frame6,10.0,6,direct_cz,awgn,0.0,47.0,715,7.4375,8.346354166666666,0.8666666666666667,8320,1289,9,9,9,4,1,false,false,4,16
red1:lane1:snr10.0:seed4:frame7,10.0,7,direct_cz,awgn,0.0,47.0,857,8.916666666666666,9.825520833333332,0.8666666666666667,8320,1289,10,10,10,4,5,false,false,4,16
red1:lane1:snr10.0:seed4:frame8,10.0,8,direct_cz,awgn,0.0,47.0,1000,10.40625,11.315104166666666,0.8666666666666667,8320,1289,11,11,11,4,0,true,false,4,16
red1:lane1:snr10.0:seed4:frame9,10.0,9,direct_cz,awgn,0.0,47.0,1143,11.895833333333334,12.8046875,0.8666666666666667,8320,1289,12,12,12,4,7,false,false,4,16
red1:lane1:snr10.0:seed4:frame10,10.0,10,direct_cz,awgn,0.0,47.0,1285,13.375,14.283854166666666,0.8666666666666667,8320,1289,13,13,13,4,300,false,false,4,16
red1:lane1:snr10.0:seed4:frame11,10.0,11,direct_cz,awgn,0.0,47.0,1428,14.864583333333334,15.7734375,0.8666666666666667,8320,1289,14,14,14,4,1,false,false,4,16
red1:lane1:snr10.0:seed4:frame12,10.0,12,direct_cz,awgn,0.0,47.0,1571,16.354166666666668,17.263020833333336,0.8666666666666667,8320,1289,15,15,15,4,0,true,false,4,16
red1:lane1:snr10.0:seed4:frame13,10.0,13,direct_cz,awgn,0.0,47.0,1714,17.84375,18.752604166666668,0.8666666666666667,8320,1289,16,16,16,4,0,true,false,4,16
red1:lane1:snr10.0:seed4:frame14,10.0,14,direct_cz,awgn,0.0,47.0,1856,19.322916666666668,20.231770833333336,0.8666666666666667,8320,1289,17,17,17,4,0,true,false,4,16
red1:lane1:snr10.0:seed4:frame15,10.0,15,direct_cz,awgn,0.0,47.0,1999,20.8125,21.721354166666668,0.8666666666666667,8320,1289,18,18,18,4,1,false,false,4,16
red1:lane1:snr10.0:seed4:frame16,10.0,16,direct_cz,awgn,0.0,47.0,2142,22.302083333333332,23.2109375,0.8666666666666667,8320,1289,19,19,19,4,1,false,false,4,16
red1:lane1:snr10.0:seed4:frame17,10.0,17,direct_cz,awgn,0.0,47.0,2284,23.78125,24.690104166666668,0.8666666666666667,8320,1289,20,20,20,4,0,true,false,4,16
red1:lane1:snr10.0:seed4:frame18,10.0,18,direct_cz,awgn,0.0,47.0,2427,25.270833333333332,26.1796875,0.8666666666666667,8320,1289,21,21,21,4,0,true,false,4,16
red1:lane1:snr10.0:seed4:frame19,10.0,19,direct_cz,awgn,0.0,47.0,2570,26.760416666666668,27.669270833333336,0.8666666666666667,8320,1289,22,22,22,4,1,false,false,4,16
red1:lane1:snr10.0:seed4:frame20,10.0,20,direct_cz,awgn,0.0,47.0,2712,28.239583333333332,29.1484375,0.8666666666666667,8320,1289,23,23,23,4,0,true,false,4,16
red1:lane1:snr10.0:seed4:frame21,10.0,21,direct_cz,awgn,0.0,47.0,2855,29.729166666666668,30.638020833333336,0.8666666666666667,8320,1289,24,24,24,4,0,true,false,4,16
red1:lane1:snr10.0:seed4:frame22,10.0,22,direct_cz,awgn,0.0,47.0,2998,31.21875,32.127604166666664,0.8666666666666667,8320,1289,25,25,25,4,0,true,false,4,16
red1:lane1:snr10.0:seed4:frame23,10.0,23,direct_cz,awgn,0.0,47.0,3141,32.708333333333336,33.6171875,0.8666666666666667,8320,1289,26,26,26,4,1,false,false,4,16
red1:lane1:snr10.0:seed4:frame24,10.0,24,direct_cz,awgn,0.0,47.0,3283,34.1875,35.096354166666664,0.8666666666666667,8320,1289,27,27,27,4,1,false,false,4,16
red1:lane1:snr10.0:seed4:frame25,10.0,25,direct_cz,awgn,0.0,47.0,3426,35.677083333333336,36.5859375,0.8666666666666667,8320,1289,28,28,28,4,0,true,false,4,16
red1:lane1:snr10.0:seed4:frame26,10.0,26,direct_cz,awgn,0.0,47.0,3569,37.166666666666664,38.07552083333333,0.8666666666666667,8320,1289,29,29,29,4,0,true,false,4,16
red1:lane1:snr10.0:seed4:frame27,10.0,27,direct_cz,awgn,0.0,47.0,3711,38.645833333333336,39.5546875,0.8666666666666667,8320,1289,30,30,30,4,0,true,false,4,16
red1:lane1:snr10.0:seed4:frame28,10.0,28,direct_cz,awgn,0.0,47.0,3854,40.135416666666664,41.04427083333333,0.8666666666666667,8320,1289,31,31,31,4,1,false,false,4,16
red1:lane1:snr10.0:seed4:frame29,10.0,29,direct_cz,awgn,0.0,47.0,3997,41.625,42.533854166666664,0.8666666666666667,8320,1289,32,32,32,4,0,true,false,4,16
red1:lane1:snr10.0:seed4:frame30,10.0,30,direct_cz,awgn,0.0,47.0,4140,43.114583333333336,44.0234375,0.8666666666666667,8320,1289,33,33,33,4,0,true,false,4,16
red1:lane1:snr10.0:seed4:frame31,10.0,31,direct_cz,awgn,0.0,47.0,4282,44.59375,45.502604166666664,0.8666666666666667,8320,1289,34,34,34,4,0,true,false,4,16
red1:lane1:snr10.0:seed4:frame32,10.0,32,direct_cz,awgn,0.0,47.0,4425,46.083333333333336,46.9921875,0.8666666666666667,8320,1289,35,35,35,4,2,false,false,4,16
red1:lane1:snr12.0:seed4:frame1,12.0,1,direct_cz,awgn,0.0,47.0,1,0.0,0.9088541666666666,0.8666666666666667,8320,1289,4,4,4,4,1,false,false,4,16
red1:lane1:snr12.0:seed4:frame2,12.0,2,direct_cz,awgn,0.0,47.0,144,1.4895833333333333,2.3984375,0.8666666666666667,8320,1289,5,5,5,4,0,true,false,4,16
red1:lane1:snr12.0:seed4:frame3,12.0,3,direct_cz,awgn,0.0,47.0,286,2.96875,3.8776041666666665,0.8666666666666667,8320,1289,6,6,6,4,0,true,false,4,16
red1:lane1:snr12.0:seed4:frame4,12.0,4,direct_cz,awgn,0.0,47.0,429,4.458333333333333,5.3671875,0.8666666666666667,8320,1289,7,7,7,4,0,true,false,4,16
red1:lane1:snr12.0:seed4:frame5,12.0,5,direct_cz,awgn,0.0,47.0,572,5.947916666666667,6.856770833333334,0.8666666666666667,8320,1289,8,8,8,4,0,true,false,4,16
red1:lane1:snr12.0:seed4:frame6,12.0,6,direct_cz,awgn,0.0,47.0,715,7.4375,8.346354166666666,0.8666666666666667,8320,1289,9,9,9,4,0,true,false,4,16
red1:lane1:snr12.0:seed4:frame7,12.0,7,direct_cz,awgn,0.0,47.0,857,8.916666666666666,9.825520833333332,0.8666666666666667,8320,1289,10,10,10,4,2,false,false,4,16
red1:lane1:snr12.0:seed4:frame8,12.0,8,direct_cz,awgn,0.0,47.0,1000,10.40625,11.315104166666666,0.8666666666666667,8320,1289,11,11,11,4,0,true,false,4,16
red1:lane1:snr12.0:seed4:frame9,12.0,9,direct_cz,awgn,0.0,47.0,1143,11.895833333333334,12.8046875,0.8666666666666667,8320,1289,12,12,12,4,1,false,false,4,16
red1:lane1:snr12.0:seed4:frame10,12.0,10,direct_cz,awgn,0.0,47.0,1285,13.375,14.283854166666666,0.8666666666666667,8320,1289,13,13,13,4,1,false,false,4,16
red1:lane1:snr12.0:seed4:frame11,12.0,11,direct_cz,awgn,0.0,47.0,1428,14.864583333333334,15.7734375,0.8666666666666667,8320,1289,14,14,14,4,0,true,false,4,16
red1:lane1:snr12.0:seed4:frame12,12.0,12,direct_cz,awgn,0.0,47.0,1571,16.354166666666668,17.263020833333336,0.8666666666666667,8320,1289,15,15,15,4,0,true,false,4,16
red1:lane1:snr12.0:seed4:frame13,12.0,13,direct_cz,awgn,0.0,47.0,1714,17.84375,18.752604166666668,0.8666666666666667,8320,1289,16,16,16,4,0,true,false,4,16
red1:lane1:snr12.0:seed4:frame14,12.0,14,direct_cz,awgn,0.0,47.0,1856,19.322916666666668,20.231770833333336,0.8666666666666667,8320,1289,17,17,17,4,0,true,false,4,16
red1:lane1:snr12.0:seed4:frame15,12.0,15,direct_cz,awgn,0.0,47.0,1999,20.8125,21.721354166666668,0.8666666666666667,8320,1289,18,18,18,4,1,false,false,4,16
red1:lane1:snr12.0:seed4:frame16,12.0,16,direct_cz,awgn,0.0,47.0,2142,22.302083333333332,23.2109375,0.8666666666666667,8320,1289,19,19,19,4,0,true,false,4,16
red1:lane1:snr12.0:seed4:frame17,12.0,17,direct_cz,awgn,0.0,47.0,2284,23.78125,24.690104166666668,0.8666666666666667,8320,1289,20,20,20,4,0,true,false,4,16
red1:lane1:snr12.0:seed4:frame18,12.0,18,direct_cz,awgn,0.0,47.0,2427,25.270833333333332,26.1796875,0.8666666666666667,8320,1289,21,21,21,4,0,true,false,4,16
red1:lane1:snr12.0:seed4:frame19,12.0,19,direct_cz,awgn,0.0,47.0,2570,26.760416666666668,27.669270833333336,0.8666666666666667,8320,1289,22,22,22,4,0,true,false,4,16
red1:lane1:snr12.0:seed4:frame20,12.0,20,direct_cz,awgn,0.0,47.0,2712,28.239583333333332,29.1484375,0.8666666666666667,8320,1289,23,23,23,4,0,true,false,4,16
red1:lane1:snr12.0:seed4:frame21,12.0,21,direct_cz,awgn,0.0,47.0,2855,29.729166666666668,30.638020833333336,0.8666666666666667,8320,1289,24,24,24,4,0,true,false,4,16
red1:lane1:snr12.0:seed4:frame22,12.0,22,direct_cz,awgn,0.0,47.0,2998,31.21875,32.127604166666664,0.8666666666666667,8320,1289,25,25,25,4,0,true,false,4,16
red1:lane1:snr12.0:seed4:frame23,12.0,23,direct_cz,awgn,0.0,47.0,3141,32.708333333333336,33.6171875,0.8666666666666667,8320,1289,26,26,26,4,0,true,false,4,16
red1:lane1:snr12.0:seed4:frame24,12.0,24,direct_cz,awgn,0.0,47.0,3283,34.1875,35.096354166666664,0.8666666666666667,8320,1289,27,27,27,4,0,true,false,4,16
red1:lane1:snr12.0:seed4:frame25,12.0,25,direct_cz,awgn,0.0,47.0,3426,35.677083333333336,36.5859375,0.8666666666666667,8320,1289,28,28,28,4,0,true,false,4,16
red1:lane1:snr12.0:seed4:frame26,12.0,26,direct_cz,awgn,0.0,47.0,3569,37.166666666666664,38.07552083333333,0.8666666666666667,8320,1289,29,29,29,4,0,true,false,4,16
red1:lane1:snr12.0:seed4:frame27,12.0,27,direct_cz,awgn,0.0,47.0,3711,38.645833333333336,39.5546875,0.8666666666666667,8320,1289,30,30,30,4,1,false,false,4,16
red1:lane1:snr12.0:seed4:frame28,12.0,28,direct_cz,awgn,0.0,47.0,3854,40.135416666666664,41.04427083333333,0.8666666666666667,8320,1289,31,31,31,4,0,true,false,4,16
red1:lane1:snr12.0:seed4:frame29,12.0,29,direct_cz,awgn,0.0,47.0,3997,41.625,42.533854166666664,0.8666666666666667,8320,1289,32,32,32,4,0,true,false,4,16
red1:lane1:snr12.0:seed4:frame30,12.0,30,direct_cz,awgn,0.0,47.0,4140,43.114583333333336,44.0234375,0.8666666666666667,8320,1289,33,33,33,4,0,true,false,4,16
red1:lane1:snr12.0:seed4:frame31,12.0,31,direct_cz,awgn,0.0,47.0,4282,44.59375,45.502604166666664,0.8666666666666667,8320,1289,34,34,34,4,0,true,false,4,16
red1:lane1:snr12.0:seed4:frame32,12.0,32,direct_cz,awgn,0.0,47.0,4425,46.083333333333336,46.9921875,0.8666666666666667,8320,1289,35,35,35,4,0,true,false,4,16
red1:lane1:snr14.0:seed4:frame1,14.0,1,direct_cz,awgn,0.0,47.0,1,0.0,0.9088541666666666,0.8666666666666667,8320,1289,4,4,4,4,1,false,false,4,16
red1:lane1:snr14.0:seed4:frame2,14.0,2,direct_cz,awgn,0.0,47.0,144,1.4895833333333333,2.3984375,0.8666666666666667,8320,1289,5,5,5,4,0,true,false,4,16
red1:lane1:snr14.0:seed4:frame3,14.0,3,direct_cz,awgn,0.0,47.0,286,2.96875,3.8776041666666665,0.8666666666666667,8320,1289,6,6,6,4,0,true,false,4,16
red1:lane1:snr14.0:seed4:frame4,14.0,4,direct_cz,awgn,0.0,47.0,429,4.458333333333333,5.3671875,0.8666666666666667,8320,1289,7,7,7,4,0,true,false,4,16
red1:lane1:snr14.0:seed4:frame5,14.0,5,direct_cz,awgn,0.0,47.0,572,5.947916666666667,6.856770833333334,0.8666666666666667,8320,1289,8,8,8,4,0,true,false,4,16
red1:lane1:snr14.0:seed4:frame6,14.0,6,direct_cz,awgn,0.0,47.0,715,7.4375,8.346354166666666,0.8666666666666667,8320,1289,9,9,9,4,1,false,false,4,16
red1:lane1:snr14.0:seed4:frame7,14.0,7,direct_cz,awgn,0.0,47.0,857,8.916666666666666,9.825520833333332,0.8666666666666667,8320,1289,10,10,10,4,2,false,false,4,16
red1:lane1:snr14.0:seed4:frame8,14.0,8,direct_cz,awgn,0.0,47.0,1000,10.40625,11.315104166666666,0.8666666666666667,8320,1289,11,11,11,4,0,true,false,4,16
red1:lane1:snr14.0:seed4:frame9,14.0,9,direct_cz,awgn,0.0,47.0,1143,11.895833333333334,12.8046875,0.8666666666666667,8320,1289,12,12,12,4,1,false,false,4,16
red1:lane1:snr14.0:seed4:frame10,14.0,10,direct_cz,awgn,0.0,47.0,1285,13.375,14.283854166666666,0.8666666666666667,8320,1289,13,13,13,4,0,true,false,4,16
red1:lane1:snr14.0:seed4:frame11,14.0,11,direct_cz,awgn,0.0,47.0,1428,14.864583333333334,15.7734375,0.8666666666666667,8320,1289,14,14,14,4,0,true,false,4,16
red1:lane1:snr14.0:seed4:frame12,14.0,12,direct_cz,awgn,0.0,47.0,1571,16.354166666666668,17.263020833333336,0.8666666666666667,8320,1289,15,15,15,4,0,true,false,4,16
red1:lane1:snr14.0:seed4:frame13,14.0,13,direct_cz,awgn,0.0,47.0,1714,17.84375,18.752604166666668,0.8666666666666667,8320,1289,16,16,16,4,0,true,false,4,16
red1:lane1:snr14.0:seed4:frame14,14.0,14,direct_cz,awgn,0.0,47.0,1856,19.322916666666668,20.231770833333336,0.8666666666666667,8320,1289,17,17,17,4,0,true,false,4,16
red1:lane1:snr14.0:seed4:frame15,14.0,15,direct_cz,awgn,0.0,47.0,1999,20.8125,21.721354166666668,0.8666666666666667,8320,1289,18,18,18,4,1,false,false,4,16
red1:lane1:snr14.0:seed4:frame16,14.0,16,direct_cz,awgn,0.0,47.0,2142,22.302083333333332,23.2109375,0.8666666666666667,8320,1289,19,19,19,4,0,true,false,4,16
red1:lane1:snr14.0:seed4:frame17,14.0,17,direct_cz,awgn,0.0,47.0,2284,23.78125,24.690104166666668,0.8666666666666667,8320,1289,20,20,20,4,0,true,false,4,16
red1:lane1:snr14.0:seed4:frame18,14.0,18,direct_cz,awgn,0.0,47.0,2427,25.270833333333332,26.1796875,0.8666666666666667,8320,1289,21,21,21,4,0,true,false,4,16
red1:lane1:snr14.0:seed4:frame19,14.0,19,direct_cz,awgn,0.0,47.0,2570,26.760416666666668,27.669270833333336,0.8666666666666667,8320,1289,22,22,22,4,0,true,false,4,16
red1:lane1:snr14.0:seed4:frame20,14.0,20,direct_cz,awgn,0.0,47.0,2712,28.239583333333332,29.1484375,0.8666666666666667,8320,1289,23,23,23,4,0,true,false,4,16
red1:lane1:snr14.0:seed4:frame21,14.0,21,direct_cz,awgn,0.0,47.0,2855,29.729166666666668,30.638020833333336,0.8666666666666667,8320,1289,24,24,24,4,0,true,false,4,16
red1:lane1:snr14.0:seed4:frame22,14.0,22,direct_cz,awgn,0.0,47.0,2998,31.21875,32.127604166666664,0.8666666666666667,8320,1289,25,25,25,4,0,true,false,4,16
red1:lane1:snr14.0:seed4:frame23,14.0,23,direct_cz,awgn,0.0,47.0,3141,32.708333333333336,33.6171875,0.8666666666666667,8320,1289,26,26,26,4,0,true,false,4,16
red1:lane1:snr14.0:seed4:frame24,14.0,24,direct_cz,awgn,0.0,47.0,3283,34.1875,35.096354166666664,0.8666666666666667,8320,1289,27,27,27,4,0,true,false,4,16
red1:lane1:snr14.0:seed4:frame25,14.0,25,direct_cz,awgn,0.0,47.0,3426,35.677083333333336,36.5859375,0.8666666666666667,8320,1289,28,28,28,4,0,true,false,4,16
red1:lane1:snr14.0:seed4:frame26,14.0,26,direct_cz,awgn,0.0,47.0,3569,37.166666666666664,38.07552083333333,0.8666666666666667,8320,1289,29,29,29,4,0,true,false,4,16
red1:lane1:snr14.0:seed4:frame27,14.0,27,direct_cz,awgn,0.0,47.0,3711,38.645833333333336,39.5546875,0.8666666666666667,8320,1289,30,30,30,4,1,false,false,4,16
red1:lane1:snr14.0:seed4:frame28,14.0,28,direct_cz,awgn,0.0,47.0,3854,40.135416666666664,41.04427083333333,0.8666666666666667,8320,1289,31,31,31,4,1,false,false,4,16
red1:lane1:snr14.0:seed4:frame29,14.0,29,direct_cz,awgn,0.0,47.0,3997,41.625,42.533854166666664,0.8666666666666667,8320,1289,32,32,32,4,0,true,false,4,16
red1:lane1:snr14.0:seed4:frame30,14.0,30,direct_cz,awgn,0.0,47.0,4140,43.114583333333336,44.0234375,0.8666666666666667,8320,1289,33,33,33,4,0,true,false,4,16
red1:lane1:snr14.0:seed4:frame31,14.0,31,direct_cz,awgn,0.0,47.0,4282,44.59375,45.502604166666664,0.8666666666666667,8320,1289,34,34,34,4,0,true,false,4,16
red1:lane1:snr14.0:seed4:frame32,14.0,32,direct_cz,awgn,0.0,47.0,4425,46.083333333333336,46.9921875,0.8666666666666667,8320,1289,35,35,35,4,0,true,false,4,16
red1:lane1:snr16.0:seed4:frame1,16.0,1,direct_cz,awgn,0.0,47.0,1,0.0,0.9088541666666666,0.8666666666666667,8320,1289,4,4,4,4,0,true,false,4,16
red1:lane1:snr16.0:seed4:frame2,16.0,2,direct_cz,awgn,0.0,47.0,144,1.4895833333333333,2.3984375,0.8666666666666667,8320,1289,5,5,5,4,0,true,false,4,16
red1:lane1:snr16.0:seed4:frame3,16.0,3,direct_cz,awgn,0.0,47.0,286,2.96875,3.8776041666666665,0.8666666666666667,8320,1289,6,6,6,4,0,true,false,4,16
red1:lane1:snr16.0:seed4:frame4,16.0,4,direct_cz,awgn,0.0,47.0,429,4.458333333333333,5.3671875,0.8666666666666667,8320,1289,7,7,7,4,0,true,false,4,16
red1:lane1:snr16.0:seed4:frame5,16.0,5,direct_cz,awgn,0.0,47.0,572,5.947916666666667,6.856770833333334,0.8666666666666667,8320,1289,8,8,8,4,0,true,false,4,16
red1:lane1:snr16.0:seed4:frame6,16.0,6,direct_cz,awgn,0.0,47.0,715,7.4375,8.346354166666666,0.8666666666666667,8320,1289,9,9,9,4,1,false,false,4,16
red1:lane1:snr16.0:seed4:frame7,16.0,7,direct_cz,awgn,0.0,47.0,857,8.916666666666666,9.825520833333332,0.8666666666666667,8320,1289,10,10,10,4,2,false,false,4,16
red1:lane1:snr16.0:seed4:frame8,16.0,8,direct_cz,awgn,0.0,47.0,1000,10.40625,11.315104166666666,0.8666666666666667,8320,1289,11,11,11,4,0,true,false,4,16
red1:lane1:snr16.0:seed4:frame9,16.0,9,direct_cz,awgn,0.0,47.0,1143,11.895833333333334,12.8046875,0.8666666666666667,8320,1289,12,12,12,4,0,true,false,4,16
red1:lane1:snr16.0:seed4:frame10,16.0,10,direct_cz,awgn,0.0,47.0,1285,13.375,14.283854166666666,0.8666666666666667,8320,1289,13,13,13,4,0,true,false,4,16
red1:lane1:snr16.0:seed4:frame11,16.0,11,direct_cz,awgn,0.0,47.0,1428,14.864583333333334,15.7734375,0.8666666666666667,8320,1289,14,14,14,4,0,true,false,4,16
red1:lane1:snr16.0:seed4:frame12,16.0,12,direct_cz,awgn,0.0,47.0,1571,16.354166666666668,17.263020833333336,0.8666666666666667,8320,1289,15,15,15,4,0,true,false,4,16
red1:lane1:snr16.0:seed4:frame13,16.0,13,direct_cz,awgn,0.0,47.0,1714,17.84375,18.752604166666668,0.8666666666666667,8320,1289,16,16,16,4,0,true,false,4,16
red1:lane1:snr16.0:seed4:frame14,16.0,14,direct_cz,awgn,0.0,47.0,1856,19.322916666666668,20.231770833333336,0.8666666666666667,8320,1289,17,17,17,4,0,true,false,4,16
red1:lane1:snr16.0:seed4:frame15,16.0,15,direct_cz,awgn,0.0,47.0,1999,20.8125,21.721354166666668,0.8666666666666667,8320,1289,18,18,18,4,1,false,false,4,16
red1:lane1:snr16.0:seed4:frame16,16.0,16,direct_cz,awgn,0.0,47.0,2142,22.302083333333332,23.2109375,0.8666666666666667,8320,1289,19,19,19,4,0,true,false,4,16
red1:lane1:snr16.0:seed4:frame17,16.0,17,direct_cz,awgn,0.0,47.0,2284,23.78125,24.690104166666668,0.8666666666666667,8320,1289,20,20,20,4,0,true,false,4,16
red1:lane1:snr16.0:seed4:frame18,16.0,18,direct_cz,awgn,0.0,47.0,2427,25.270833333333332,26.1796875,0.8666666666666667,8320,1289,21,21,21,4,0,true,false,4,16
red1:lane1:snr16.0:seed4:frame19,16.0,19,direct_cz,awgn,0.0,47.0,2570,26.760416666666668,27.669270833333336,0.8666666666666667,8320,1289,22,22,22,4,0,true,false,4,16
red1:lane1:snr16.0:seed4:frame20,16.0,20,direct_cz,awgn,0.0,47.0,2712,28.239583333333332,29.1484375,0.8666666666666667,8320,1289,23,23,23,4,0,true,false,4,16
red1:lane1:snr16.0:seed4:frame21,16.0,21,direct_cz,awgn,0.0,47.0,2855,29.729166666666668,30.638020833333336,0.8666666666666667,8320,1289,24,24,24,4,0,true,false,4,16
red1:lane1:snr16.0:seed4:frame22,16.0,22,direct_cz,awgn,0.0,47.0,2998,31.21875,32.127604166666664,0.8666666666666667,8320,1289,25,25,25,4,0,true,false,4,16
red1:lane1:snr16.0:seed4:frame23,16.0,23,direct_cz,awgn,0.0,47.0,3141,32.708333333333336,33.6171875,0.8666666666666667,8320,1289,26,26,26,4,0,true,false,4,16
red1:lane1:snr16.0:seed4:frame24,16.0,24,direct_cz,awgn,0.0,47.0,3283,34.1875,35.096354166666664,0.8666666666666667,8320,1289,27,27,27,4,0,true,false,4,16
red1:lane1:snr16.0:seed4:frame25,16.0,25,direct_cz,awgn,0.0,47.0,3426,35.677083333333336,36.5859375,0.8666666666666667,8320,1289,28,28,28,4,0,true,false,4,16
red1:lane1:snr16.0:seed4:frame26,16.0,26,direct_cz,awgn,0.0,47.0,3569,37.166666666666664,38.07552083333333,0.8666666666666667,8320,1289,29,29,29,4,0,true,false,4,16
red1:lane1:snr16.0:seed4:frame27,16.0,27,direct_cz,awgn,0.0,47.0,3711,38.645833333333336,39.5546875,0.8666666666666667,8320,1289,30,30,30,4,0,true,false,4,16
red1:lane1:snr16.0:seed4:frame28,16.0,28,direct_cz,awgn,0.0,47.0,3854,40.135416666666664,41.04427083333333,0.8666666666666667,8320,1289,31,31,31,4,1,false,false,4,16
red1:lane1:snr16.0:seed4:frame29,16.0,29,direct_cz,awgn,0.0,47.0,3997,41.625,42.533854166666664,0.8666666666666667,8320,1289,32,32,32,4,0,true,false,4,16
red1:lane1:snr16.0:seed4:frame30,16.0,30,direct_cz,awgn,0.0,47.0,4140,43.114583333333336,44.0234375,0.8666666666666667,8320,1289,33,33,33,4,0,true,false,4,16
red1:lane1:snr16.0:seed4:frame31,16.0,31,direct_cz,awgn,0.0,47.0,4282,44.59375,45.502604166666664,0.8666666666666667,8320,1289,34,34,34,4,0,true,false,4,16
red1:lane1:snr16.0:seed4:frame32,16.0,32,direct_cz,awgn,0.0,47.0,4425,46.083333333333336,46.9921875,0.8666666666666667,8320,1289,35,35,35,4,0,true,false,4,16
red1:lane1:snr18.0:seed4:frame1,18.0,1,direct_cz,awgn,0.0,47.0,1,0.0,0.9088541666666666,0.8666666666666667,8320,1289,4,4,4,4,0,true,false,4,16
red1:lane1:snr18.0:seed4:frame2,18.0,2,direct_cz,awgn,0.0,47.0,144,1.4895833333333333,2.3984375,0.8666666666666667,8320,1289,5,5,5,4,0,true,false,4,16
red1:lane1:snr18.0:seed4:frame3,18.0,3,direct_cz,awgn,0.0,47.0,286,2.96875,3.8776041666666665,0.8666666666666667,8320,1289,6,6,6,4,0,true,false,4,16
red1:lane1:snr18.0:seed4:frame4,18.0,4,direct_cz,awgn,0.0,47.0,429,4.458333333333333,5.3671875,0.8666666666666667,8320,1289,7,7,7,4,0,true,false,4,16
red1:lane1:snr18.0:seed4:frame5,18.0,5,direct_cz,awgn,0.0,47.0,572,5.947916666666667,6.856770833333334,0.8666666666666667,8320,1289,8,8,8,4,0,true,false,4,16
red1:lane1:snr18.0:seed4:frame6,18.0,6,direct_cz,awgn,0.0,47.0,715,7.4375,8.346354166666666,0.8666666666666667,8320,1289,9,9,9,4,0,true,false,4,16
red1:lane1:snr18.0:seed4:frame7,18.0,7,direct_cz,awgn,0.0,47.0,857,8.916666666666666,9.825520833333332,0.8666666666666667,8320,1289,10,10,10,4,0,true,false,4,16
red1:lane1:snr18.0:seed4:frame8,18.0,8,direct_cz,awgn,0.0,47.0,1000,10.40625,11.315104166666666,0.8666666666666667,8320,1289,11,11,11,4,0,true,false,4,16
red1:lane1:snr18.0:seed4:frame9,18.0,9,direct_cz,awgn,0.0,47.0,1143,11.895833333333334,12.8046875,0.8666666666666667,8320,1289,12,12,12,4,0,true,false,4,16
red1:lane1:snr18.0:seed4:frame10,18.0,10,direct_cz,awgn,0.0,47.0,1285,13.375,14.283854166666666,0.8666666666666667,8320,1289,13,13,13,4,0,true,false,4,16
red1:lane1:snr18.0:seed4:frame11,18.0,11,direct_cz,awgn,0.0,47.0,1428,14.864583333333334,15.7734375,0.8666666666666667,8320,1289,14,14,14,4,0,true,false,4,16
red1:lane1:snr18.0:seed4:frame12,18.0,12,direct_cz,awgn,0.0,47.0,1571,16.354166666666668,17.263020833333336,0.8666666666666667,8320,1289,15,15,15,4,0,true,false,4,16
red1:lane1:snr18.0:seed4:frame13,18.0,13,direct_cz,awgn,0.0,47.0,1714,17.84375,18.752604166666668,0.8666666666666667,8320,1289,16,16,16,4,0,true,false,4,16
red1:lane1:snr18.0:seed4:frame14,18.0,14,direct_cz,awgn,0.0,47.0,1856,19.322916666666668,20.231770833333336,0.8666666666666667,8320,1289,17,17,17,4,0,true,false,4,16
red1:lane1:snr18.0:seed4:frame15,18.0,15,direct_cz,awgn,0.0,47.0,1999,20.8125,21.721354166666668,0.8666666666666667,8320,1289,18,18,18,4,0,true,false,4,16
red1:lane1:snr18.0:seed4:frame16,18.0,16,direct_cz,awgn,0.0,47.0,2142,22.302083333333332,23.2109375,0.8666666666666667,8320,1289,19,19,19,4,0,true,false,4,16
red1:lane1:snr18.0:seed4:frame17,18.0,17,direct_cz,awgn,0.0,47.0,2284,23.78125,24.690104166666668,0.8666666666666667,8320,1289,20,20,20,4,0,true,false,4,16
red1:lane1:snr18.0:seed4:frame18,18.0,18,direct_cz,awgn,0.0,47.0,2427,25.270833333333332,26.1796875,0.8666666666666667,8320,1289,21,21,21,4,0,true,false,4,16
red1:lane1:snr18.0:seed4:frame19,18.0,19,direct_cz,awgn,0.0,47.0,2570,26.760416666666668,27.669270833333336,0.8666666666666667,8320,1289,22,22,22,4,0,true,false,4,16
red1:lane1:snr18.0:seed4:frame20,18.0,20,direct_cz,awgn,0.0,47.0,2712,28.239583333333332,29.1484375,0.8666666666666667,8320,1289,23,23,23,4,0,true,false,4,16
red1:lane1:snr18.0:seed4:frame21,18.0,21,direct_cz,awgn,0.0,47.0,2855,29.729166666666668,30.638020833333336,0.8666666666666667,8320,1289,24,24,24,4,0,true,false,4,16
red1:lane1:snr18.0:seed4:frame22,18.0,22,direct_cz,awgn,0.0,47.0,2998,31.21875,32.127604166666664,0.8666666666666667,8320,1289,25,25,25,4,0,true,false,4,16
red1:lane1:snr18.0:seed4:frame23,18.0,23,direct_cz,awgn,0.0,47.0,3141,32.708333333333336,33.6171875,0.8666666666666667,8320,1289,26,26,26,4,0,true,false,4,16
red1:lane1:snr18.0:seed4:frame24,18.0,24,direct_cz,awgn,0.0,47.0,3283,34.1875,35.096354166666664,0.8666666666666667,8320,1289,27,27,27,4,0,true,false,4,16
red1:lane1:snr18.0:seed4:frame25,18.0,25,direct_cz,awgn,0.0,47.0,3426,35.677083333333336,36.5859375,0.8666666666666667,8320,1289,28,28,28,4,0,true,false,4,16
red1:lane1:snr18.0:seed4:frame26,18.0,26,direct_cz,awgn,0.0,47.0,3569,37.166666666666664,38.07552083333333,0.8666666666666667,8320,1289,29,29,29,4,0,true,false,4,16
red1:lane1:snr18.0:seed4:frame27,18.0,27,direct_cz,awgn,0.0,47.0,3711,38.645833333333336,39.5546875,0.8666666666666667,8320,1289,30,30,30,4,0,true,false,4,16
red1:lane1:snr18.0:seed4:frame28,18.0,28,direct_cz,awgn,0.0,47.0,3854,40.135416666666664,41.04427083333333,0.8666666666666667,8320,1289,31,31,31,4,0,true,false,4,16
red1:lane1:snr18.0:seed4:frame29,18.0,29,direct_cz,awgn,0.0,47.0,3997,41.625,42.533854166666664,0.8666666666666667,8320,1289,32,32,32,4,0,true,false,4,16
red1:lane1:snr18.0:seed4:frame30,18.0,30,direct_cz,awgn,0.0,47.0,4140,43.114583333333336,44.0234375,0.8666666666666667,8320,1289,33,33,33,4,0,true,false,4,16
red1:lane1:snr18.0:seed4:frame31,18.0,31,direct_cz,awgn,0.0,47.0,4282,44.59375,45.502604166666664,0.8666666666666667,8320,1289,34,34,34,4,0,true,false,4,16
red1:lane1:snr18.0:seed4:frame32,18.0,32,direct_cz,awgn,0.0,47.0,4425,46.083333333333336,46.9921875,0.8666666666666667,8320,1289,35,35,35,4,0,true,false,4,16
red1:lane1:snr20.0:seed4:frame1,20.0,1,direct_cz,awgn,0.0,47.0,1,0.0,0.9088541666666666,0.8666666666666667,8320,1289,4,4,4,4,0,true,false,4,16
red1:lane1:snr20.0:seed4:frame2,20.0,2,direct_cz,awgn,0.0,47.0,144,1.4895833333333333,2.3984375,0.8666666666666667,8320,1289,5,5,5,4,0,true,false,4,16
red1:lane1:snr20.0:seed4:frame3,20.0,3,direct_cz,awgn,0.0,47.0,286,2.96875,3.8776041666666665,0.8666666666666667,8320,1289,6,6,6,4,0,true,false,4,16
red1:lane1:snr20.0:seed4:frame4,20.0,4,direct_cz,awgn,0.0,47.0,429,4.458333333333333,5.3671875,0.8666666666666667,8320,1289,7,7,7,4,0,true,false,4,16
red1:lane1:snr20.0:seed4:frame5,20.0,5,direct_cz,awgn,0.0,47.0,572,5.947916666666667,6.856770833333334,0.8666666666666667,8320,1289,8,8,8,4,0,true,false,4,16
red1:lane1:snr20.0:seed4:frame6,20.0,6,direct_cz,awgn,0.0,47.0,715,7.4375,8.346354166666666,0.8666666666666667,8320,1289,9,9,9,4,0,true,false,4,16
red1:lane1:snr20.0:seed4:frame7,20.0,7,direct_cz,awgn,0.0,47.0,857,8.916666666666666,9.825520833333332,0.8666666666666667,8320,1289,10,10,10,4,0,true,false,4,16
red1:lane1:snr20.0:seed4:frame8,20.0,8,direct_cz,awgn,0.0,47.0,1000,10.40625,11.315104166666666,0.8666666666666667,8320,1289,11,11,11,4,0,true,false,4,16
red1:lane1:snr20.0:seed4:frame9,20.0,9,direct_cz,awgn,0.0,47.0,1143,11.895833333333334,12.8046875,0.8666666666666667,8320,1289,12,12,12,4,0,true,false,4,16
red1:lane1:snr20.0:seed4:frame10,20.0,10,direct_cz,awgn,0.0,47.0,1285,13.375,14.283854166666666,0.8666666666666667,8320,1289,13,13,13,4,0,true,false,4,16
red1:lane1:snr20.0:seed4:frame11,20.0,11,direct_cz,awgn,0.0,47.0,1428,14.864583333333334,15.7734375,0.8666666666666667,8320,1289,14,14,14,4,0,true,false,4,16
red1:lane1:snr20.0:seed4:frame12,20.0,12,direct_cz,awgn,0.0,47.0,1571,16.354166666666668,17.263020833333336,0.8666666666666667,8320,1289,15,15,15,4,0,true,false,4,16
red1:lane1:snr20.0:seed4:frame13,20.0,13,direct_cz,awgn,0.0,47.0,1714,17.84375,18.752604166666668,0.8666666666666667,8320,1289,16,16,16,4,0,true,false,4,16
red1:lane1:snr20.0:seed4:frame14,20.0,14,direct_cz,awgn,0.0,47.0,1856,19.322916666666668,20.231770833333336,0.8666666666666667,8320,1289,17,17,17,4,0,true,false,4,16
red1:lane1:snr20.0:seed4:frame15,20.0,15,direct_cz,awgn,0.0,47.0,1999,20.8125,21.721354166666668,0.8666666666666667,8320,1289,18,18,18,4,0,true,false,4,16
red1:lane1:snr20.0:seed4:frame16,20.0,16,direct_cz,awgn,0.0,47.0,2142,22.302083333333332,23.2109375,0.8666666666666667,8320,1289,19,19,19,4,0,true,false,4,16
red1:lane1:snr20.0:seed4:frame17,20.0,17,direct_cz,awgn,0.0,47.0,2284,23.78125,24.690104166666668,0.8666666666666667,8320,1289,20,20,20,4,0,true,false,4,16
red1:lane1:snr20.0:seed4:frame18,20.0,18,direct_cz,awgn,0.0,47.0,2427,25.270833333333332,26.1796875,0.8666666666666667,8320,1289,21,21,21,4,0,true,false,4,16
red1:lane1:snr20.0:seed4:frame19,20.0,19,direct_cz,awgn,0.0,47.0,2570,26.760416666666668,27.669270833333336,0.8666666666666667,8320,1289,22,22,22,4,0,true,false,4,16
red1:lane1:snr20.0:seed4:frame20,20.0,20,direct_cz,awgn,0.0,47.0,2712,28.239583333333332,29.1484375,0.8666666666666667,8320,1289,23,23,23,4,0,true,false,4,16
red1:lane1:snr20.0:seed4:frame21,20.0,21,direct_cz,awgn,0.0,47.0,2855,29.729166666666668,30.638020833333336,0.8666666666666667,8320,1289,24,24,24,4,0,true,false,4,16
red1:lane1:snr20.0:seed4:frame22,20.0,22,direct_cz,awgn,0.0,47.0,2998,31.21875,32.127604166666664,0.8666666666666667,8320,1289,25,25,25,4,0,true,false,4,16
red1:lane1:snr20.0:seed4:frame23,20.0,23,direct_cz,awgn,0.0,47.0,3141,32.708333333333336,33.6171875,0.8666666666666667,8320,1289,26,26,26,4,0,true,false,4,16
red1:lane1:snr20.0:seed4:frame24,20.0,24,direct_cz,awgn,0.0,47.0,3283,34.1875,35.096354166666664,0.8666666666666667,8320,1289,27,27,27,4,0,true,false,4,16
red1:lane1:snr20.0:seed4:frame25,20.0,25,direct_cz,awgn,0.0,47.0,3426,35.677083333333336,36.5859375,0.8666666666666667,8320,1289,28,28,28,4,0,true,false,4,16
red1:lane1:snr20.0:seed4:frame26,20.0,26,direct_cz,awgn,0.0,47.0,3569,37.166666666666664,38.07552083333333,0.8666666666666667,8320,1289,29,29,29,4,0,true,false,4,16
red1:lane1:snr20.0:seed4:frame27,20.0,27,direct_cz,awgn,0.0,47.0,3711,38.645833333333336,39.5546875,0.8666666666666667,8320,1289,30,30,30,4,0,true,false,4,16
red1:lane1:snr20.0:seed4:frame28,20.0,28,direct_cz,awgn,0.0,47.0,3854,40.135416666666664,41.04427083333333,0.8666666666666667,8320,1289,31,31,31,4,0,true,false,4,16
red1:lane1:snr20.0:seed4:frame29,20.0,29,direct_cz,awgn,0.0,47.0,3997,41.625,42.533854166666664,0.8666666666666667,8320,1289,32,32,32,4,0,true,false,4,16
red1:lane1:snr20.0:seed4:frame30,20.0,30,direct_cz,awgn,0.0,47.0,4140,43.114583333333336,44.0234375,0.8666666666666667,8320,1289,33,33,33,4,0,true,false,4,16
red1:lane1:snr20.0:seed4:frame31,20.0,31,direct_cz,awgn,0.0,47.0,4282,44.59375,45.502604166666664,0.8666666666666667,8320,1289,34,34,34,4,0,true,false,4,16
red1:lane1:snr20.0:seed4:frame32,20.0,32,direct_cz,awgn,0.0,47.0,4425,46.083333333333336,46.9921875,0.8666666666666667,8320,1289,35,35,35,4,0,true,false,4,16
red1:lane1:snr22.0:seed4:frame1,22.0,1,direct_cz,awgn,0.0,47.0,1,0.0,0.9088541666666666,0.8666666666666667,8320,1289,4,4,4,4,0,true,false,4,16
red1:lane1:snr22.0:seed4:frame2,22.0,2,direct_cz,awgn,0.0,47.0,144,1.4895833333333333,2.3984375,0.8666666666666667,8320,1289,5,5,5,4,0,true,false,4,16
red1:lane1:snr22.0:seed4:frame3,22.0,3,direct_cz,awgn,0.0,47.0,286,2.96875,3.8776041666666665,0.8666666666666667,8320,1289,6,6,6,4,0,true,false,4,16
red1:lane1:snr22.0:seed4:frame4,22.0,4,direct_cz,awgn,0.0,47.0,429,4.458333333333333,5.3671875,0.8666666666666667,8320,1289,7,7,7,4,0,true,false,4,16
red1:lane1:snr22.0:seed4:frame5,22.0,5,direct_cz,awgn,0.0,47.0,572,5.947916666666667,6.856770833333334,0.8666666666666667,8320,1289,8,8,8,4,0,true,false,4,16
red1:lane1:snr22.0:seed4:frame6,22.0,6,direct_cz,awgn,0.0,47.0,715,7.4375,8.346354166666666,0.8666666666666667,8320,1289,9,9,9,4,0,true,false,4,16
red1:lane1:snr22.0:seed4:frame7,22.0,7,direct_cz,awgn,0.0,47.0,857,8.916666666666666,9.825520833333332,0.8666666666666667,8320,1289,10,10,10,4,0,true,false,4,16
red1:lane1:snr22.0:seed4:frame8,22.0,8,direct_cz,awgn,0.0,47.0,1000,10.40625,11.315104166666666,0.8666666666666667,8320,1289,11,11,11,4,0,true,false,4,16
red1:lane1:snr22.0:seed4:frame9,22.0,9,direct_cz,awgn,0.0,47.0,1143,11.895833333333334,12.8046875,0.8666666666666667,8320,1289,12,12,12,4,0,true,false,4,16
red1:lane1:snr22.0:seed4:frame10,22.0,10,direct_cz,awgn,0.0,47.0,1285,13.375,14.283854166666666,0.8666666666666667,8320,1289,13,13,13,4,0,true,false,4,16
red1:lane1:snr22.0:seed4:frame11,22.0,11,direct_cz,awgn,0.0,47.0,1428,14.864583333333334,15.7734375,0.8666666666666667,8320,1289,14,14,14,4,0,true,false,4,16
red1:lane1:snr22.0:seed4:frame12,22.0,12,direct_cz,awgn,0.0,47.0,1571,16.354166666666668,17.263020833333336,0.8666666666666667,8320,1289,15,15,15,4,0,true,false,4,16
red1:lane1:snr22.0:seed4:frame13,22.0,13,direct_cz,awgn,0.0,47.0,1714,17.84375,18.752604166666668,0.8666666666666667,8320,1289,16,16,16,4,0,true,false,4,16
red1:lane1:snr22.0:seed4:frame14,22.0,14,direct_cz,awgn,0.0,47.0,1856,19.322916666666668,20.231770833333336,0.8666666666666667,8320,1289,17,17,17,4,0,true,false,4,16
red1:lane1:snr22.0:seed4:frame15,22.0,15,direct_cz,awgn,0.0,47.0,1999,20.8125,21.721354166666668,0.8666666666666667,8320,1289,18,18,18,4,0,true,false,4,16
red1:lane1:snr22.0:seed4:frame16,22.0,16,direct_cz,awgn,0.0,47.0,2142,22.302083333333332,23.2109375,0.8666666666666667,8320,1289,19,19,19,4,0,true,false,4,16
red1:lane1:snr22.0:seed4:frame17,22.0,17,direct_cz,awgn,0.0,47.0,2284,23.78125,24.690104166666668,0.8666666666666667,8320,1289,20,20,20,4,0,true,false,4,16
red1:lane1:snr22.0:seed4:frame18,22.0,18,direct_cz,awgn,0.0,47.0,2427,25.270833333333332,26.1796875,0.8666666666666667,8320,1289,21,21,21,4,0,true,false,4,16
red1:lane1:snr22.0:seed4:frame19,22.0,19,direct_cz,awgn,0.0,47.0,2570,26.760416666666668,27.669270833333336,0.8666666666666667,8320,1289,22,22,22,4,0,true,false,4,16
red1:lane1:snr22.0:seed4:frame20,22.0,20,direct_cz,awgn,0.0,47.0,2712,28.239583333333332,29.1484375,0.8666666666666667,8320,1289,23,23,23,4,0,true,false,4,16
red1:lane1:snr22.0:seed4:frame21,22.0,21,direct_cz,awgn,0.0,47.0,2855,29.729166666666668,30.638020833333336,0.8666666666666667,8320,1289,24,24,24,4,0,true,false,4,16
red1:lane1:snr22.0:seed4:frame22,22.0,22,direct_cz,awgn,0.0,47.0,2998,31.21875,32.127604166666664,0.8666666666666667,8320,1289,25,25,25,4,0,true,false,4,16
red1:lane1:snr22.0:seed4:frame23,22.0,23,direct_cz,awgn,0.0,47.0,3141,32.708333333333336,33.6171875,0.8666666666666667,8320,1289,26,26,26,4,0,true,false,4,16
red1:lane1:snr22.0:seed4:frame24,22.0,24,direct_cz,awgn,0.0,47.0,3283,34.1875,35.096354166666664,0.8666666666666667,8320,1289,27,27,27,4,0,true,false,4,16
red1:lane1:snr22.0:seed4:frame25,22.0,25,direct_cz,awgn,0.0,47.0,3426,35.677083333333336,36.5859375,0.8666666666666667,8320,1289,28,28,28,4,0,true,false,4,16
red1:lane1:snr22.0:seed4:frame26,22.0,26,direct_cz,awgn,0.0,47.0,3569,37.166666666666664,38.07552083333333,0.8666666666666667,8320,1289,29,29,29,4,0,true,false,4,16
red1:lane1:snr22.0:seed4:frame27,22.0,27,direct_cz,awgn,0.0,47.0,3711,38.645833333333336,39.5546875,0.8666666666666667,8320,1289,30,30,30,4,0,true,false,4,16
red1:lane1:snr22.0:seed4:frame28,22.0,28,direct_cz,awgn,0.0,47.0,3854,40.135416666666664,41.04427083333333,0.8666666666666667,8320,1289,31,31,31,4,0,true,false,4,16
red1:lane1:snr22.0:seed4:frame29,22.0,29,direct_cz,awgn,0.0,47.0,3997,41.625,42.533854166666664,0.8666666666666667,8320,1289,32,32,32,4,0,true,false,4,16
red1:lane1:snr22.0:seed4:frame30,22.0,30,direct_cz,awgn,0.0,47.0,4140,43.114583333333336,44.0234375,0.8666666666666667,8320,1289,33,33,33,4,0,true,false,4,16
red1:lane1:snr22.0:seed4:frame31,22.0,31,direct_cz,awgn,0.0,47.0,4282,44.59375,45.502604166666664,0.8666666666666667,8320,1289,34,34,34,4,0,true,false,4,16
red1:lane1:snr22.0:seed4:frame32,22.0,32,direct_cz,awgn,0.0,47.0,4425,46.083333333333336,46.9921875,0.8666666666666667,8320,1289,35,35,35,4,0,true,false,4,16
red1:lane1:snr24.0:seed4:frame1,24.0,1,direct_cz,awgn,0.0,47.0,1,0.0,0.9088541666666666,0.8666666666666667,8320,1289,4,4,4,4,1,false,false,4,16
red1:lane1:snr24.0:seed4:frame2,24.0,2,direct_cz,awgn,0.0,47.0,144,1.4895833333333333,2.3984375,0.8666666666666667,8320,1289,5,5,5,4,0,true,false,4,16
red1:lane1:snr24.0:seed4:frame3,24.0,3,direct_cz,awgn,0.0,47.0,286,2.96875,3.8776041666666665,0.8666666666666667,8320,1289,6,6,6,4,0,true,false,4,16
red1:lane1:snr24.0:seed4:frame4,24.0,4,direct_cz,awgn,0.0,47.0,429,4.458333333333333,5.3671875,0.8666666666666667,8320,1289,7,7,7,4,0,true,false,4,16
red1:lane1:snr24.0:seed4:frame5,24.0,5,direct_cz,awgn,0.0,47.0,572,5.947916666666667,6.856770833333334,0.8666666666666667,8320,1289,8,8,8,4,0,true,false,4,16
red1:lane1:snr24.0:seed4:frame6,24.0,6,direct_cz,awgn,0.0,47.0,715,7.4375,8.346354166666666,0.8666666666666667,8320,1289,9,9,9,4,0,true,false,4,16
red1:lane1:snr24.0:seed4:frame7,24.0,7,direct_cz,awgn,0.0,47.0,857,8.916666666666666,9.825520833333332,0.8666666666666667,8320,1289,10,10,10,4,0,true,false,4,16
red1:lane1:snr24.0:seed4:frame8,24.0,8,direct_cz,awgn,0.0,47.0,1000,10.40625,11.315104166666666,0.8666666666666667,8320,1289,11,11,11,4,0,true,false,4,16
red1:lane1:snr24.0:seed4:frame9,24.0,9,direct_cz,awgn,0.0,47.0,1143,11.895833333333334,12.8046875,0.8666666666666667,8320,1289,12,12,12,4,0,true,false,4,16
red1:lane1:snr24.0:seed4:frame10,24.0,10,direct_cz,awgn,0.0,47.0,1285,13.375,14.283854166666666,0.8666666666666667,8320,1289,13,13,13,4,0,true,false,4,16
red1:lane1:snr24.0:seed4:frame11,24.0,11,direct_cz,awgn,0.0,47.0,1428,14.864583333333334,15.7734375,0.8666666666666667,8320,1289,14,14,14,4,0,true,false,4,16
red1:lane1:snr24.0:seed4:frame12,24.0,12,direct_cz,awgn,0.0,47.0,1571,16.354166666666668,17.263020833333336,0.8666666666666667,8320,1289,15,15,15,4,0,true,false,4,16
red1:lane1:snr24.0:seed4:frame13,24.0,13,direct_cz,awgn,0.0,47.0,1714,17.84375,18.752604166666668,0.8666666666666667,8320,1289,16,16,16,4,0,true,false,4,16
red1:lane1:snr24.0:seed4:frame14,24.0,14,direct_cz,awgn,0.0,47.0,1856,19.322916666666668,20.231770833333336,0.8666666666666667,8320,1289,17,17,17,4,0,true,false,4,16
red1:lane1:snr24.0:seed4:frame15,24.0,15,direct_cz,awgn,0.0,47.0,1999,20.8125,21.721354166666668,0.8666666666666667,8320,1289,18,18,18,4,0,true,false,4,16
red1:lane1:snr24.0:seed4:frame16,24.0,16,direct_cz,awgn,0.0,47.0,2142,22.302083333333332,23.2109375,0.8666666666666667,8320,1289,19,19,19,4,0,true,false,4,16
red1:lane1:snr24.0:seed4:frame17,24.0,17,direct_cz,awgn,0.0,47.0,2284,23.78125,24.690104166666668,0.8666666666666667,8320,1289,20,20,20,4,0,true,false,4,16
red1:lane1:snr24.0:seed4:frame18,24.0,18,direct_cz,awgn,0.0,47.0,2427,25.270833333333332,26.1796875,0.8666666666666667,8320,1289,21,21,21,4,0,true,false,4,16
red1:lane1:snr24.0:seed4:frame19,24.0,19,direct_cz,awgn,0.0,47.0,2570,26.760416666666668,27.669270833333336,0.8666666666666667,8320,1289,22,22,22,4,0,true,false,4,16
red1:lane1:snr24.0:seed4:frame20,24.0,20,direct_cz,awgn,0.0,47.0,2712,28.239583333333332,29.1484375,0.8666666666666667,8320,1289,23,23,23,4,0,true,false,4,16
red1:lane1:snr24.0:seed4:frame21,24.0,21,direct_cz,awgn,0.0,47.0,2855,29.729166666666668,30.638020833333336,0.8666666666666667,8320,1289,24,24,24,4,0,true,false,4,16
red1:lane1:snr24.0:seed4:frame22,24.0,22,direct_cz,awgn,0.0,47.0,2998,31.21875,32.127604166666664,0.8666666666666667,8320,1289,25,25,25,4,0,true,false,4,16
red1:lane1:snr24.0:seed4:frame23,24.0,23,direct_cz,awgn,0.0,47.0,3141,32.708333333333336,33.6171875,0.8666666666666667,8320,1289,26,26,26,4,0,true,false,4,16
red1:lane1:snr24.0:seed4:frame24,24.0,24,direct_cz,awgn,0.0,47.0,3283,34.1875,35.096354166666664,0.8666666666666667,8320,1289,27,27,27,4,0,true,false,4,16
red1:lane1:snr24.0:seed4:frame25,24.0,25,direct_cz,awgn,0.0,47.0,3426,35.677083333333336,36.5859375,0.8666666666666667,8320,1289,28,28,28,4,0,true,false,4,16
red1:lane1:snr24.0:seed4:frame26,24.0,26,direct_cz,awgn,0.0,47.0,3569,37.166666666666664,38.07552083333333,0.8666666666666667,8320,1289,29,29,29,4,0,true,false,4,16
red1:lane1:snr24.0:seed4:frame27,24.0,27,direct_cz,awgn,0.0,47.0,3711,38.645833333333336,39.5546875,0.8666666666666667,8320,1289,30,30,30,4,0,true,false,4,16
red1:lane1:snr24.0:seed4:frame28,24.0,28,direct_cz,awgn,0.0,47.0,3854,40.135416666666664,41.04427083333333,0.8666666666666667,8320,1289,31,31,31,4,0,true,false,4,16
red1:lane1:snr24.0:seed4:frame29,24.0,29,direct_cz,awgn,0.0,47.0,3997,41.625,42.533854166666664,0.8666666666666667,8320,1289,32,32,32,4,0,true,false,4,16
red1:lane1:snr24.0:seed4:frame30,24.0,30,direct_cz,awgn,0.0,47.0,4140,43.114583333333336,44.0234375,0.8666666666666667,8320,1289,33,33,33,4,0,true,false,4,16
red1:lane1:snr24.0:seed4:frame31,24.0,31,direct_cz,awgn,0.0,47.0,4282,44.59375,45.502604166666664,0.8666666666666667,8320,1289,34,34,34,4,0,true,false,4,16
red1:lane1:snr24.0:seed4:frame32,24.0,32,direct_cz,awgn,0.0,47.0,4425,46.083333333333336,46.9921875,0.8666666666666667,8320,1289,35,35,35,4,0,true,false,4,16
red1:lane1:snr26.0:seed4:frame1,26.0,1,direct_cz,awgn,0.0,47.0,1,0.0,0.9088541666666666,0.8666666666666667,8320,1289,4,4,4,4,0,true,false,4,16
red1:lane1:snr26.0:seed4:frame2,26.0,2,direct_cz,awgn,0.0,47.0,144,1.4895833333333333,2.3984375,0.8666666666666667,8320,1289,5,5,5,4,0,true,false,4,16
red1:lane1:snr26.0:seed4:frame3,26.0,3,direct_cz,awgn,0.0,47.0,286,2.96875,3.8776041666666665,0.8666666666666667,8320,1289,6,6,6,4,0,true,false,4,16
red1:lane1:snr26.0:seed4:frame4,26.0,4,direct_cz,awgn,0.0,47.0,429,4.458333333333333,5.3671875,0.8666666666666667,8320,1289,7,7,7,4,0,true,false,4,16
red1:lane1:snr26.0:seed4:frame5,26.0,5,direct_cz,awgn,0.0,47.0,572,5.947916666666667,6.856770833333334,0.8666666666666667,8320,1289,8,8,8,4,0,true,false,4,16
red1:lane1:snr26.0:seed4:frame6,26.0,6,direct_cz,awgn,0.0,47.0,715,7.4375,8.346354166666666,0.8666666666666667,8320,1289,9,9,9,4,0,true,false,4,16
red1:lane1:snr26.0:seed4:frame7,26.0,7,direct_cz,awgn,0.0,47.0,857,8.916666666666666,9.825520833333332,0.8666666666666667,8320,1289,10,10,10,4,0,true,false,4,16
red1:lane1:snr26.0:seed4:frame8,26.0,8,direct_cz,awgn,0.0,47.0,1000,10.40625,11.315104166666666,0.8666666666666667,8320,1289,11,11,11,4,0,true,false,4,16
red1:lane1:snr26.0:seed4:frame9,26.0,9,direct_cz,awgn,0.0,47.0,1143,11.895833333333334,12.8046875,0.8666666666666667,8320,1289,12,12,12,4,0,true,false,4,16
red1:lane1:snr26.0:seed4:frame10,26.0,10,direct_cz,awgn,0.0,47.0,1285,13.375,14.283854166666666,0.8666666666666667,8320,1289,13,13,13,4,0,true,false,4,16
red1:lane1:snr26.0:seed4:frame11,26.0,11,direct_cz,awgn,0.0,47.0,1428,14.864583333333334,15.7734375,0.8666666666666667,8320,1289,14,14,14,4,0,true,false,4,16
red1:lane1:snr26.0:seed4:frame12,26.0,12,direct_cz,awgn,0.0,47.0,1571,16.354166666666668,17.263020833333336,0.8666666666666667,8320,1289,15,15,15,4,0,true,false,4,16
red1:lane1:snr26.0:seed4:frame13,26.0,13,direct_cz,awgn,0.0,47.0,1714,17.84375,18.752604166666668,0.8666666666666667,8320,1289,16,16,16,4,0,true,false,4,16
red1:lane1:snr26.0:seed4:frame14,26.0,14,direct_cz,awgn,0.0,47.0,1856,19.322916666666668,20.231770833333336,0.8666666666666667,8320,1289,17,17,17,4,0,true,false,4,16
red1:lane1:snr26.0:seed4:frame15,26.0,15,direct_cz,awgn,0.0,47.0,1999,20.8125,21.721354166666668,0.8666666666666667,8320,1289,18,18,18,4,0,true,false,4,16
red1:lane1:snr26.0:seed4:frame16,26.0,16,direct_cz,awgn,0.0,47.0,2142,22.302083333333332,23.2109375,0.8666666666666667,8320,1289,19,19,19,4,0,true,false,4,16
red1:lane1:snr26.0:seed4:frame17,26.0,17,direct_cz,awgn,0.0,47.0,2284,23.78125,24.690104166666668,0.8666666666666667,8320,1289,20,20,20,4,0,true,false,4,16
red1:lane1:snr26.0:seed4:frame18,26.0,18,direct_cz,awgn,0.0,47.0,2427,25.270833333333332,26.1796875,0.8666666666666667,8320,1289,21,21,21,4,0,true,false,4,16
red1:lane1:snr26.0:seed4:frame19,26.0,19,direct_cz,awgn,0.0,47.0,2570,26.760416666666668,27.669270833333336,0.8666666666666667,8320,1289,22,22,22,4,0,true,false,4,16
red1:lane1:snr26.0:seed4:frame20,26.0,20,direct_cz,awgn,0.0,47.0,2712,28.239583333333332,29.1484375,0.8666666666666667,8320,1289,23,23,23,4,0,true,false,4,16
red1:lane1:snr26.0:seed4:frame21,26.0,21,direct_cz,awgn,0.0,47.0,2855,29.729166666666668,30.638020833333336,0.8666666666666667,8320,1289,24,24,24,4,0,true,false,4,16
red1:lane1:snr26.0:seed4:frame22,26.0,22,direct_cz,awgn,0.0,47.0,2998,31.21875,32.127604166666664,0.8666666666666667,8320,1289,25,25,25,4,0,true,false,4,16
red1:lane1:snr26.0:seed4:frame23,26.0,23,direct_cz,awgn,0.0,47.0,3141,32.708333333333336,33.6171875,0.8666666666666667,8320,1289,26,26,26,4,0,true,false,4,16
red1:lane1:snr26.0:seed4:frame24,26.0,24,direct_cz,awgn,0.0,47.0,3283,34.1875,35.096354166666664,0.8666666666666667,8320,1289,27,27,27,4,0,true,false,4,16
red1:lane1:snr26.0:seed4:frame25,26.0,25,direct_cz,awgn,0.0,47.0,3426,35.677083333333336,36.5859375,0.8666666666666667,8320,1289,28,28,28,4,0,true,false,4,16
red1:lane1:snr26.0:seed4:frame26,26.0,26,direct_cz,awgn,0.0,47.0,3569,37.166666666666664,38.07552083333333,0.8666666666666667,8320,1289,29,29,29,4,0,true,false,4,16
red1:lane1:snr26.0:seed4:frame27,26.0,27,direct_cz,awgn,0.0,47.0,3711,38.645833333333336,39.5546875,0.8666666666666667,8320,1289,30,30,30,4,0,true,false,4,16
red1:lane1:snr26.0:seed4:frame28,26.0,28,direct_cz,awgn,0.0,47.0,3854,40.135416666666664,41.04427083333333,0.8666666666666667,8320,1289,31,31,31,4,0,true,false,4,16
red1:lane1:snr26.0:seed4:frame29,26.0,29,direct_cz,awgn,0.0,47.0,3997,41.625,42.533854166666664,0.8666666666666667,8320,1289,32,32,32,4,0,true,false,4,16
red1:lane1:snr26.0:seed4:frame30,26.0,30,direct_cz,awgn,0.0,47.0,4140,43.114583333333336,44.0234375,0.8666666666666667,8320,1289,33,33,33,4,0,true,false,4,16
red1:lane1:snr26.0:seed4:frame31,26.0,31,direct_cz,awgn,0.0,47.0,4282,44.59375,45.502604166666664,0.8666666666666667,8320,1289,34,34,34,4,0,true,false,4,16
red1:lane1:snr26.0:seed4:frame32,26.0,32,direct_cz,awgn,0.0,47.0,4425,46.083333333333336,46.9921875,0.8666666666666667,8320,1289,35,35,35,4,0,true,false,4,16
red1:lane1:snr28.0:seed4:frame1,28.0,1,direct_cz,awgn,0.0,47.0,1,0.0,0.9088541666666666,0.8666666666666667,8320,1289,4,4,4,4,0,true,false,4,16
red1:lane1:snr28.0:seed4:frame2,28.0,2,direct_cz,awgn,0.0,47.0,144,1.4895833333333333,2.3984375,0.8666666666666667,8320,1289,5,5,5,4,0,true,false,4,16
red1:lane1:snr28.0:seed4:frame3,28.0,3,direct_cz,awgn,0.0,47.0,286,2.96875,3.8776041666666665,0.8666666666666667,8320,1289,6,6,6,4,0,true,false,4,16
red1:lane1:snr28.0:seed4:frame4,28.0,4,direct_cz,awgn,0.0,47.0,429,4.458333333333333,5.3671875,0.8666666666666667,8320,1289,7,7,7,4,0,true,false,4,16
red1:lane1:snr28.0:seed4:frame5,28.0,5,direct_cz,awgn,0.0,47.0,572,5.947916666666667,6.856770833333334,0.8666666666666667,8320,1289,8,8,8,4,0,true,false,4,16
red1:lane1:snr28.0:seed4:frame6,28.0,6,direct_cz,awgn,0.0,47.0,715,7.4375,8.346354166666666,0.8666666666666667,8320,1289,9,9,9,4,0,true,false,4,16
red1:lane1:snr28.0:seed4:frame7,28.0,7,direct_cz,awgn,0.0,47.0,857,8.916666666666666,9.825520833333332,0.8666666666666667,8320,1289,10,10,10,4,0,true,false,4,16
red1:lane1:snr28.0:seed4:frame8,28.0,8,direct_cz,awgn,0.0,47.0,1000,10.40625,11.315104166666666,0.8666666666666667,8320,1289,11,11,11,4,0,true,false,4,16
red1:lane1:snr28.0:seed4:frame9,28.0,9,direct_cz,awgn,0.0,47.0,1143,11.895833333333334,12.8046875,0.8666666666666667,8320,1289,12,12,12,4,0,true,false,4,16
red1:lane1:snr28.0:seed4:frame10,28.0,10,direct_cz,awgn,0.0,47.0,1285,13.375,14.283854166666666,0.8666666666666667,8320,1289,13,13,13,4,0,true,false,4,16
red1:lane1:snr28.0:seed4:frame11,28.0,11,direct_cz,awgn,0.0,47.0,1428,14.864583333333334,15.7734375,0.8666666666666667,8320,1289,14,14,14,4,0,true,false,4,16
red1:lane1:snr28.0:seed4:frame12,28.0,12,direct_cz,awgn,0.0,47.0,1571,16.354166666666668,17.263020833333336,0.8666666666666667,8320,1289,15,15,15,4,0,true,false,4,16
red1:lane1:snr28.0:seed4:frame13,28.0,13,direct_cz,awgn,0.0,47.0,1714,17.84375,18.752604166666668,0.8666666666666667,8320,1289,16,16,16,4,0,true,false,4,16
red1:lane1:snr28.0:seed4:frame14,28.0,14,direct_cz,awgn,0.0,47.0,1856,19.322916666666668,20.231770833333336,0.8666666666666667,8320,1289,17,17,17,4,0,true,false,4,16
red1:lane1:snr28.0:seed4:frame15,28.0,15,direct_cz,awgn,0.0,47.0,1999,20.8125,21.721354166666668,0.8666666666666667,8320,1289,18,18,18,4,0,true,false,4,16
red1:lane1:snr28.0:seed4:frame16,28.0,16,direct_cz,awgn,0.0,47.0,2142,22.302083333333332,23.2109375,0.8666666666666667,8320,1289,19,19,19,4,0,true,false,4,16
red1:lane1:snr28.0:seed4:frame17,28.0,17,direct_cz,awgn,0.0,47.0,2284,23.78125,24.690104166666668,0.8666666666666667,8320,1289,20,20,20,4,0,true,false,4,16
red1:lane1:snr28.0:seed4:frame18,28.0,18,direct_cz,awgn,0.0,47.0,2427,25.270833333333332,26.1796875,0.8666666666666667,8320,1289,21,21,21,4,0,true,false,4,16
red1:lane1:snr28.0:seed4:frame19,28.0,19,direct_cz,awgn,0.0,47.0,2570,26.760416666666668,27.669270833333336,0.8666666666666667,8320,1289,22,22,22,4,0,true,false,4,16
red1:lane1:snr28.0:seed4:frame20,28.0,20,direct_cz,awgn,0.0,47.0,2712,28.239583333333332,29.1484375,0.8666666666666667,8320,1289,23,23,23,4,0,true,false,4,16
red1:lane1:snr28.0:seed4:frame21,28.0,21,direct_cz,awgn,0.0,47.0,2855,29.729166666666668,30.638020833333336,0.8666666666666667,8320,1289,24,24,24,4,0,true,false,4,16
red1:lane1:snr28.0:seed4:frame22,28.0,22,direct_cz,awgn,0.0,47.0,2998,31.21875,32.127604166666664,0.8666666666666667,8320,1289,25,25,25,4,0,true,false,4,16
red1:lane1:snr28.0:seed4:frame23,28.0,23,direct_cz,awgn,0.0,47.0,3141,32.708333333333336,33.6171875,0.8666666666666667,8320,1289,26,26,26,4,0,true,false,4,16
red1:lane1:snr28.0:seed4:frame24,28.0,24,direct_cz,awgn,0.0,47.0,3283,34.1875,35.096354166666664,0.8666666666666667,8320,1289,27,27,27,4,0,true,false,4,16
red1:lane1:snr28.0:seed4:frame25,28.0,25,direct_cz,awgn,0.0,47.0,3426,35.677083333333336,36.5859375,0.8666666666666667,8320,1289,28,28,28,4,0,true,false,4,16
red1:lane1:snr28.0:seed4:frame26,28.0,26,direct_cz,awgn,0.0,47.0,3569,37.166666666666664,38.07552083333333,0.8666666666666667,8320,1289,29,29,29,4,0,true,false,4,16
red1:lane1:snr28.0:seed4:frame27,28.0,27,direct_cz,awgn,0.0,47.0,3711,38.645833333333336,39.5546875,0.8666666666666667,8320,1289,30,30,30,4,0,true,false,4,16
red1:lane1:snr28.0:seed4:frame28,28.0,28,direct_cz,awgn,0.0,47.0,3854,40.135416666666664,41.04427083333333,0.8666666666666667,8320,1289,31,31,31,4,0,true,false,4,16
red1:lane1:snr28.0:seed4:frame29,28.0,29,direct_cz,awgn,0.0,47.0,3997,41.625,42.533854166666664,0.8666666666666667,8320,1289,32,32,32,4,0,true,false,4,16
red1:lane1:snr28.0:seed4:frame30,28.0,30,direct_cz,awgn,0.0,47.0,4140,43.114583333333336,44.0234375,0.8666666666666667,8320,1289,33,33,33,4,0,true,false,4,16
red1:lane1:snr28.0:seed4:frame31,28.0,31,direct_cz,awgn,0.0,47.0,4282,44.59375,45.502604166666664,0.8666666666666667,8320,1289,34,34,34,4,0,true,false,4,16
red1:lane1:snr28.0:seed4:frame32,28.0,32,direct_cz,awgn,0.0,47.0,4425,46.083333333333336,46.9921875,0.8666666666666667,8320,1289,35,35,35,4,0,true,false,4,16
red1:lane1:snr30.0:seed4:frame1,30.0,1,direct_cz,awgn,0.0,47.0,1,0.0,0.9088541666666666,0.8666666666666667,8320,1289,4,4,4,4,0,true,false,4,16
red1:lane1:snr30.0:seed4:frame2,30.0,2,direct_cz,awgn,0.0,47.0,144,1.4895833333333333,2.3984375,0.8666666666666667,8320,1289,5,5,5,4,0,true,false,4,16
red1:lane1:snr30.0:seed4:frame3,30.0,3,direct_cz,awgn,0.0,47.0,286,2.96875,3.8776041666666665,0.8666666666666667,8320,1289,6,6,6,4,0,true,false,4,16
red1:lane1:snr30.0:seed4:frame4,30.0,4,direct_cz,awgn,0.0,47.0,429,4.458333333333333,5.3671875,0.8666666666666667,8320,1289,7,7,7,4,0,true,false,4,16
red1:lane1:snr30.0:seed4:frame5,30.0,5,direct_cz,awgn,0.0,47.0,572,5.947916666666667,6.856770833333334,0.8666666666666667,8320,1289,8,8,8,4,0,true,false,4,16
red1:lane1:snr30.0:seed4:frame6,30.0,6,direct_cz,awgn,0.0,47.0,715,7.4375,8.346354166666666,0.8666666666666667,8320,1289,9,9,9,4,0,true,false,4,16
red1:lane1:snr30.0:seed4:frame7,30.0,7,direct_cz,awgn,0.0,47.0,857,8.916666666666666,9.825520833333332,0.8666666666666667,8320,1289,10,10,10,4,0,true,false,4,16
red1:lane1:snr30.0:seed4:frame8,30.0,8,direct_cz,awgn,0.0,47.0,1000,10.40625,11.315104166666666,0.8666666666666667,8320,1289,11,11,11,4,0,true,false,4,16
red1:lane1:snr30.0:seed4:frame9,30.0,9,direct_cz,awgn,0.0,47.0,1143,11.895833333333334,12.8046875,0.8666666666666667,8320,1289,12,12,12,4,0,true,false,4,16
red1:lane1:snr30.0:seed4:frame10,30.0,10,direct_cz,awgn,0.0,47.0,1285,13.375,14.283854166666666,0.8666666666666667,8320,1289,13,13,13,4,0,true,false,4,16
red1:lane1:snr30.0:seed4:frame11,30.0,11,direct_cz,awgn,0.0,47.0,1428,14.864583333333334,15.7734375,0.8666666666666667,8320,1289,14,14,14,4,0,true,false,4,16
red1:lane1:snr30.0:seed4:frame12,30.0,12,direct_cz,awgn,0.0,47.0,1571,16.354166666666668,17.263020833333336,0.8666666666666667,8320,1289,15,15,15,4,0,true,false,4,16
red1:lane1:snr30.0:seed4:frame13,30.0,13,direct_cz,awgn,0.0,47.0,1714,17.84375,18.752604166666668,0.8666666666666667,8320,1289,16,16,16,4,0,true,false,4,16
red1:lane1:snr30.0:seed4:frame14,30.0,14,direct_cz,awgn,0.0,47.0,1856,19.322916666666668,20.231770833333336,0.8666666666666667,8320,1289,17,17,17,4,0,true,false,4,16
red1:lane1:snr30.0:seed4:frame15,30.0,15,direct_cz,awgn,0.0,47.0,1999,20.8125,21.721354166666668,0.8666666666666667,8320,1289,18,18,18,4,0,true,false,4,16
red1:lane1:snr30.0:seed4:frame16,30.0,16,direct_cz,awgn,0.0,47.0,2142,22.302083333333332,23.2109375,0.8666666666666667,8320,1289,19,19,19,4,0,true,false,4,16
red1:lane1:snr30.0:seed4:frame17,30.0,17,direct_cz,awgn,0.0,47.0,2284,23.78125,24.690104166666668,0.8666666666666667,8320,1289,20,20,20,4,0,true,false,4,16
red1:lane1:snr30.0:seed4:frame18,30.0,18,direct_cz,awgn,0.0,47.0,2427,25.270833333333332,26.1796875,0.8666666666666667,8320,1289,21,21,21,4,0,true,false,4,16
red1:lane1:snr30.0:seed4:frame19,30.0,19,direct_cz,awgn,0.0,47.0,2570,26.760416666666668,27.669270833333336,0.8666666666666667,8320,1289,22,22,22,4,0,true,false,4,16
red1:lane1:snr30.0:seed4:frame20,30.0,20,direct_cz,awgn,0.0,47.0,2712,28.239583333333332,29.1484375,0.8666666666666667,8320,1289,23,23,23,4,0,true,false,4,16
red1:lane1:snr30.0:seed4:frame21,30.0,21,direct_cz,awgn,0.0,47.0,2855,29.729166666666668,30.638020833333336,0.8666666666666667,8320,1289,24,24,24,4,0,true,false,4,16
red1:lane1:snr30.0:seed4:frame22,30.0,22,direct_cz,awgn,0.0,47.0,2998,31.21875,32.127604166666664,0.8666666666666667,8320,1289,25,25,25,4,0,true,false,4,16
red1:lane1:snr30.0:seed4:frame23,30.0,23,direct_cz,awgn,0.0,47.0,3141,32.708333333333336,33.6171875,0.8666666666666667,8320,1289,26,26,26,4,0,true,false,4,16
red1:lane1:snr30.0:seed4:frame24,30.0,24,direct_cz,awgn,0.0,47.0,3283,34.1875,35.096354166666664,0.8666666666666667,8320,1289,27,27,27,4,0,true,false,4,16
red1:lane1:snr30.0:seed4:frame25,30.0,25,direct_cz,awgn,0.0,47.0,3426,35.677083333333336,36.5859375,0.8666666666666667,8320,1289,28,28,28,4,0,true,false,4,16
red1:lane1:snr30.0:seed4:frame26,30.0,26,direct_cz,awgn,0.0,47.0,3569,37.166666666666664,38.07552083333333,0.8666666666666667,8320,1289,29,29,29,4,0,true,false,4,16
red1:lane1:snr30.0:seed4:frame27,30.0,27,direct_cz,awgn,0.0,47.0,3711,38.645833333333336,39.5546875,0.8666666666666667,8320,1289,30,30,30,4,0,true,false,4,16
red1:lane1:snr30.0:seed4:frame28,30.0,28,direct_cz,awgn,0.0,47.0,3854,40.135416666666664,41.04427083333333,0.8666666666666667,8320,1289,31,31,31,4,0,true,false,4,16
red1:lane1:snr30.0:seed4:frame29,30.0,29,direct_cz,awgn,0.0,47.0,3997,41.625,42.533854166666664,0.8666666666666667,8320,1289,32,32,32,4,0,true,false,4,16
red1:lane1:snr30.0:seed4:frame30,30.0,30,direct_cz,awgn,0.0,47.0,4140,43.114583333333336,44.0234375,0.8666666666666667,8320,1289,33,33,33,4,0,true,false,4,16
red1:lane1:snr30.0:seed4:frame31,30.0,31,direct_cz,awgn,0.0,47.0,4282,44.59375,45.502604166666664,0.8666666666666667,8320,1289,34,34,34,4,0,true,false,4,16
red1:lane1:snr30.0:seed4:frame32,30.0,32,direct_cz,awgn,0.0,47.0,4425,46.083333333333336,46.9921875,0.8666666666666667,8320,1289,35,35,35,4,0,true,false,4,16
