campaign=AWGN-027
experiment_id=2026-08-10-red-awgn-full-capture-frames47-crc-no-harm-n2048-cp64-rate05-p10-10-dc14-kfill-pfft4
channel=red2
hydrophone=2
aggregate_sha256=5f7c8838505a96b57a5f4c75aa0bc983653fc439cbfd6470cbbd65ffc66d03d5
frame_trace_sha256=27681d5e37cc6f3d656699ed7ae0ce7f149d0a1d12532fa420f71941fa719a6a
protected_trace_sha256=e1a06352bfc3b84950e2604c48cf886609434c3df9571b2a6826b52717fc776b
source_contract_sha256=95ad236c8426abf3d1c5faaddb1a1f2cf7c9799fc27fad650b8e60cd918831b4
runner_sha256=59ead948e99cddfb921f44036b9cd0abfbc73fdabdbac8a06e24abcf769f5ae8
sweep_sha256=058219ed6cd95393fdc7f9cf148870dea251abec1e1ab63f94e0231d21806ee3
aggregate_rows=80
frame_trace_rows=3760
protected_trace_rows=1504
capture_seconds=47.78125
snapshot_indices=1,99,197,294,392,490,588,686,783,881,979,1077,1175,1272,1370,1468,1566,1664,1761,1859,1957,2055,2153,2250,2348,2446,2544,2642,2740,2837,2935,3033,3131,3229,3326,3424,3522,3620,3718,3815,3913,4011,4109,4207,4304,4402,4500
