campaign=AWGN-027
experiment_id=2026-08-10-red-awgn-full-capture-frames47-crc-no-harm-n2048-cp64-rate05-p10-10-dc14-kfill-pfft4
channel=red4
hydrophone=1
aggregate_sha256=d8a07c619be2840646ebf060869ed24c8c13cfe47c99fb94fe78003ddc24890f
frame_trace_sha256=0b6ccd515143d0a61401164dadb65c66044b4a3be06434053e96b1da768be709
protected_trace_sha256=3c0305491839057945393362fbcb50a4a6cd1aee6124bdb6ff576c858692a405
source_contract_sha256=95ad236c8426abf3d1c5faaddb1a1f2cf7c9799fc27fad650b8e60cd918831b4
runner_sha256=59ead948e99cddfb921f44036b9cd0abfbc73fdabdbac8a06e24abcf769f5ae8
sweep_sha256=058219ed6cd95393fdc7f9cf148870dea251abec1e1ab63f94e0231d21806ee3
aggregate_rows=80
frame_trace_rows=3760
protected_trace_rows=1504
capture_seconds=47.78125
snapshot_indices=1,99,197,294,392,490,588,686,783,881,979,1077,1175,1272,1370,1468,1566,1664,1761,1859,1957,2055,2153,2250,2348,2446,2544,2642,2740,2837,2935,3033,3131,3229,3326,3424,3522,3620,3718,3815,3913,4011,4109,4207,4304,4402,4500
