campaign=AWGN-023B
experiment_id=2026-08-10-red-awgn-full-capture-frames47-crc-no-harm-n1024-cp64-rate025-p5-5-dc14-kfill-pfft4
channel=red2
hydrophone=1
aggregate_sha256=2def09fdc1be493590a5ee385f878a5be35e9268ce0c715795b608773e1bf51e
frame_trace_sha256=90903688eb6473514ce9c641d2648c1d82e9adea2d8258838f082354a7d64b59
protected_trace_sha256=909bc5fce13ed10a300a5637ac8129e2cf6e680d8561902a4c0c330af4cf345e
source_contract_sha256=7081e56775f5665d615964dd7230596b0f8afd301ce0889dad5a0e606f510e00
runner_sha256=0120ea5231194d1f0d1638b7f835c5e527ddf3b1ee5130f472f28247c51e8015
sweep_sha256=6a995c62fbd938d69b7aa2c19f76e0bf618769b956fe764f64f19a60cb5d38ca
aggregate_rows=80
frame_trace_rows=3760
protected_trace_rows=1504
capture_seconds=47.78125
snapshot_indices=1,96,190,285,385,480,574,669,769,864,958,1053,1153,1248,1342,1437,1537,1632,1726,1821,1921,2016,2110,2205,2305,2400,2494,2589,2689,2784,2878,2973,3073,3168,3262,3357,3457,3552,3646,3741,3841,3936,4030,4125,4225,4320,4414
